0.0,0.0,0.0,0.0,0.0,0.0,0.0,0.0,0.0,0.0,0.0,0.0,0.0,0.0,0.0,0.0,0.0,0.0,0.0,0.0,0.0,0.0,0.0,0.0,0.0,0.0,0.0,0.0,0.0,0.0,0.0,0.0,0.0,0.0,0.0,0.0,0.0,0.0,0.0,0.0,0.0,0.0,0.0,0.0,0.0,0.0,0.0,0.0,0.0,0.0,0.0,0.0,0.0,0.0,0.0,0.0,0.0,0.0,0.0,0.0,0.0,0.0,0.0,0.0,0.0,0.0,0.0,0.0,0.0,0.0,0.0,0.0,0.0,0.0,0.0,0.0,0.0,0.0,0.0,0.0,0.0,0.0,0.0,0.0,0.0,0.0,0.0,0.0,0.0,0.0,0.0,0.0,0.0,0.0,0.0,0.0,0.0,0.0,0.0,0.0,0.0,0.0,0.0,0.0,0.0,0.0,0.0,0.0,0.0,0.0,0.0,0.0,0.0,0.0,0.0,0.0,0.0,0.0,0.0,0.0,0.0,0.0,0.0,0.0,0.0,0.0,0.0,0.0,0.0,0.0,0.0,0.0,0.0,0.0,0.0,0.0,0.0,0.0,0.0,0.0,0.0,0.0,0.0,0.0,0.0,0.0,0.0,0.0,0.0,0.0,0.0,0.0,0.0,0.0,0.0,0.0,0.0,0.0,0.0,0.0,0.0,0.0,0.0,0.0,0.0,0.0,0.0,0.0,0.0,0.0,0.0,0.0,0.0,0.0,0.0,0.0,0.0,0.0,0.0,0.0,0.0,0.0,0.0,0.0,0.0,0.0,0.0,0.0,0.0,0.0,0.0,0.0,0.0,0.0,0.0,0.0,0.0,0.0,0.0,0.0,0.0,0.0,0.0,0.0,0.0,0.0,0.0,0.0,0.0,0.0,0.0,0.0,0.0,0.0,0.0,0.0,0.0,0.0,0.0,0.0,0.0,0.0,0.0,0.0,0.0,0.0,0.0,0.0,0.0,0.0,0.0,0.0,0.0,0.0,0.0,0.0,0.0,0.0,0.0,0.0,0.0,0.0,0.0,0.0,0.0,0.0,0.0,0.0,0.0,0.0,0.0,0.0,0.0,0.0,0.0,0.0,0.0,0.0,0.0,0.0,0.0,0.0,0.0,0.0,0.0,0.0,0.0,0.0,0.0,0.0,0.0,0.0,0.0,0.0,0.0,0.0,0.0,0.0,0.0,0.0,0.0,0.0,0.0,0.0,0.0,0.0,0.0,0.0,0.0,0.0,0.0,0.0,0.0,0.0,0.0,0.0,0.0,0.0,0.0,0.0,0.0,0.0,0.0,0.0,0.0,0.0,0.0,0.0,0.0,0.0,0.0,0.0,0.0,0.0,0.0,0.0,0.0,0.0,0.0,0.0,0.0,0.0,0.0,0.0,0.0,0.0,0.0,0.0,0.0,0.0,0.0,0.0,0.0,0.0,0.0,0.0,0.0,0.0,0.0,0.0,0.0,0.0,0.0,0.0,0.0,0.0,0.0,0.0,0.0,0.0,0.0,0.0,0.0,0.0,0.0,0.0,0.0,0.0,0.0,0.0,0.0,0.0,0.0,0.0,0.0,0.0,0.0,0.0,0.0,0.0,0.0,0.0,0.0,0.0,0.0,0.0,0.0,0.0,0.0,0.0,0.0,0.0,0.0,0.0,0.0,0.0,0.0,0.0,0.0,0.0,0.0,0.0,0.0,0.0,0.0,0.0,0.0,0.0,0.0,0.0,0.0,0.0,0.0,0.0,0.0,0.0,0.0,0.0,0.0,0.0,0.0,0.0,0.0,0.0,0.0,0.0,0.0,0.0,0.0,0.0,0.0,0.0,0.0,0.0,0.0,0.0,0.0,0.0,0.0,0.0,0.0,0.0,0.0,0.0,0.0,0.0,0.0,0.0,0.0,0.0,0.0,0.0,0.0,0.0,0.0,0.0,0.0,0.0,0.0,0.0,0.0,0.0,0.0,0.0,0.0,0.0,0.0,0.0,0.0,0.0,0.0,0.0,0.0,0.0,0.0,0.0,0.0,0.0,6.0,1
0.002402648329734823,0.001849375665187794,0.001956045627593918,0.0015750974416732855,0.0017559230327605926,0.0016874521970749318,0.0021840371191501826,0.0033168531954288136,0.002888899296522078,0.0033023804426193693,0.005365806631743786,0.002511188387870754,0.002555079758167288,0.002599347382783869,0.0016850661486386836,0.0017359200865029946,0.0018799863755702315,0.0018609054386615718,0.0018503861501812414,0.0019047185778617852,0.0018410719931125433,0.004572071135044098,0.002660142257809721,0.0025227810256182853,0.002520485781132989,0.002970840781927102,0.0027860305272041927,0.0036931025679224007,0.0034012317773885466,0.003810917958617211,0.0038328366354108117,0.002329828217625531,0.0027336310595273807,0.0036656241863964882,0.002516336739063346,0.0027497261762618602,0.0006452114321291369,0.002136938273906666,0.002500606700778011,0.00216527841985234,0.0022040549665688913,0.0023556835949421345,0.0022436659783124386,0.0017992595676333183,0.0018400177359581273,0.0017782747745513359,0.00467402208596465,0.0015374813228845718,0.0013878010213374467,0.0011286959052086293,0.0006984369829297014,0.0016446486115455627,0.004736138507723791,0.004900069878203671,0.005313117057084926,0.0033190585672855065,0.0031803173478692315,0.0019139684736728735,0.004754796624183655,0.0015396587550639482,0.0018256343901157032,0.0019055434968322687,0.0017269438540096574,0.00528122670948506,0.0014344900846481705,0.004132216796278961,0.004564993083477006,0.005825209373142628,0.005275083705782818,0.005173676647245846,0.004747260361909728,0.0047326236963273,0.002268500626087272,0.00234473869204525,0.00223048031330118,0.00156847201287744,0.0018638921901584227,0.0013522310182452662,0.0015607007953803535,0.0015151537954807349,0.002237125299870961,0.0024632811546326065,0.0025357566773891345,0.0016799215227365511,0.0015668421983718525,0.0015306584537029232,0.0013948436826467965,0.0013883244246244294,0.0009125964716076275,0.0010412679985165457,0.0011607911437749932,0.001243167556822371,0.0014054300263523654,0.003742665052413857,0.0019674599170685647,0.0010531693696975665,0.0012254198081791765,0.0019166283309459688,0.0014874283224343835,0.001898337155580479,0.0010601901449262402,0.0005287900567054144,0.0011475365608930655,0.0057139210402966465,0.005490073002874912,0.0051286239176987795,0.0017722849734127593,0.00391363725066186,0.004777133464813205,0.005607306957244913,0.002700075507164059,0.0017587915062904705,0.002881199121475275,0.003853296861052513,0.001848543062806112,0.0013736113905906885,0.0014205351471900801,0.0012669172137975138,0.0010365108028054552,0.0012527215294540128,0.0016575348563492827,0.001979669323191028,0.0022477228194474033,0.001699283719062812,0.003842905163764999,0.0018706843256950934,0.0009082052856683523,0.0029940307140349513,0.002195277251303175,0.000948643311858198,0.0034553874284028877,0.0012225843966008412,0.004406690597534152,0.0031401505693794303,0.0015052780508994779,0.0029066950082778237,0.003918915987014715,0.0028554722666740283,0.0037310123443603524,0.003611646592616979,0.003157659433782066,0.001961398869752912,0.0005241474136710981,0.0025562159717083324,0.002960820682346809,0.002877276856452209,0.0015100445598364028,0.0024377964437007696,0.0038325460627674475,0.0025368705391884475,0.0028861314058304943,0.0043753739446400755,0.003939744085073456,0.0029301131144165004,0.003081337083131136,0.003117140382528193,0.0037517808377741726,0.003395453561097317,0.0035901586525142826,0.003708830568939606,0.0038563404232263673,0.003777464851737021,0.003576375544071128,0.003082341514527705,0.0020635612308979034,0.0016578007489443346,0.0014901868999004295,0.0019436292350292895,0.002596648409962693,0.002186354249715798,0.0024939570575952487,0.003707242896780297,0.004609674215316814,0.003277202136814664,0.0015948116779327536,0.0037930617108941607,0.003316992893815072,0.003627084195613903,0.0011472888290882215,0.0011824853718280619,0.0012840665876865075,0.0013034194707871073,0.0015725586563348892,0.0021073031239211533,0.0021409699693321653,0.0021063308231532686,0.0017683245241641363,0.001789011061191621,0.0020581018179655595,0.0030788716394453872,0.0031574838794767085,0.0021006325259804795,0.002618152648210525,0.0027755517512559856,0.0020475097117014104,0.0015694871544838231,0.0017918497323989313,0.0016783364117146091,0.0010830089449882507,0.00333464331924907,0.0026152823120354635,0.0024003507569433143,0.0018255664035677199,0.0010964898392557855,0.0020210919901728127,0.0006998368771746941,0.001099738758057499,0.0011221459135413343,0.003175320103764543,0.000791085883975029,0.001875510439276647,0.002325422130525029,0.0017715543508530548,0.002974089235067319,0.0017374604940414429,0.0040292441844941036,0.001513397961389331,0.0012954603880643359,0.0014730133116245474,0.0014929361641406107,0.0015767067670821588,0.003340661292895705,0.0037374687381087437,0.004078395664691887,0.00424224728885729,0.004265801981091529,0.003223091363906868,0.002170197665691334,0.0020817276090381795,0.001847892068326532,0.0019685206934808713,0.0022137360647320127,0.0023823808878660558,0.002518196823075503,0.0030651241540908267,0.0015311762690544753,0.0013368390500546055,0.0016607344150543352,0.0017951168119907657,0.0016169622540474493,0.0015041474252938634,0.0018502771854400212,0.0019218809902668207,0.0029994416981935085,0.0026724035815277256,0.002445275895297505,0.003683667629957189,0.0036898516118526103,0.001484390348196092,0.0010841488838195662,0.0016510076820849956,0.004128992557525704,0.001610292587429272,0.0014168610796331848,0.0012964317575097693,0.001112125813961088,0.0017312280833721707,0.0014729367103427458,0.0014449857408180616,0.0014610715443268915,0.0013699489645659904,0.0014707371592521214,0.0030433738138526487,0.0011045113205909935,0.002903677523136097,0.0018088184297084672,0.0013954918831586682,0.0024310983717441073,0.002687646076083204,0.002523498609662084,0.002389883622527098,0.002570662647485775,0.0024032443761825557,0.002011719858273829,0.0017852410674095156,0.0017163828015327176,0.0020113158971071503,0.0010799122974276508,0.0011582449078559667,0.0010172687470914044,0.0018371129408478683,0.0016118958592414162,0.0024790912866592303,0.002316886733751671,0.004339255392551353,0.002353630959987713,0.0015750919701532026,0.0020142607390880693,0.003637611865997342,0.001254752278327935,0.0015062540769576955,0.001814448274671964,0.0016523616504854589,0.002534260507672981,0.001216381788253805,0.0023104716092348107,0.002448864281177597,0.004758078575832785,0.0033807009458541593,0.0035393815487622595,0.00239041633903982,0.00330069288611419,0.002609930932521855,0.002601072192192116,0.002448821440339085,0.0013667400926351966,0.0017144787125289306,0.0014908835291862776,0.0015475468826480045,0.0014848522841930945,0.002341574989259196,0.002601979300379781,0.0027814712375402307,0.0020558852702379326,0.0018832944333553106,0.0018177907913923441,0.001760480925440698,0.001686597242951362,0.0012192055583000185,0.0013499921187758532,0.0014241356402635852,0.0015821531414985984,0.002067129127681271,0.002891808748245184,0.0012111165560782086,0.0013973400928080175,0.0017608329653740274,0.0014098100364208568,0.0016439892351627695,0.0010576173663138866,0.0013871898408979527,0.0011558700352907215,0.004535522311925895,0.003466572612524024,0.002598900347948142,0.0021397364325821708,0.002762723714113249,0.0039431117475033535,0.005007974803447706,0.0012849830090999345,0.0016662031412124356,0.001763005275279352,0.0015560071915388073,0.0012955088168383373,0.001250296831130926,0.0016886889934540005,0.0016458444297313968,0.0016045272350311453,0.0012932743411510552,0.00122088850184804,0.001354617998003898,0.0019309036433697235,0.0017251111567019445,0.0019486956298351253,0.0017980188131332816,0.0009334553033112613,0.003477275371551625,0.0015866388566792065,0.0011152783408760957,0.001190066337585425,0.0010767169296741416,0.0033465772867202204,0.0017702141776680773,0.00136130675673498,0.00273272022604943,0.0029342398047447205,0.0020683705806732178,0.0026981085538864275,0.003141440451145241,0.003466922789812036,0.0018511600792407573,0.0009649712592363027,0.0022038258612155984,0.0012387456372380534,0.0014936835505068714,0.0015617841854690606,0.0023086443543434768,0.003935051150619985,0.00333179160952575,0.003122486174106557,0.0017180894501507074,0.0018284362740814734,0.0018148468807339163,0.002366207540035255,0.0017658765427768898,0.0016766242915764265,0.001482089282944766,0.0012729475274681724,0.0010994104668497397,0.003920786082744557,0.0012079877778886914,0.0019372291862964559,0.0012568905949592243,0.002005971968174071,0.002798892557620981,0.0030821692198514947,0.003647404810180868,0.0034271478652954657,0.0017853369936347413,0.001217782497405985,0.0036449264734983054,0.002517834305763245,0.0015002265572547704,0.0015063863247633364,0.0015307590365409814,0.0014967191964388553,0.002112515270709952,0.0021217698231339645,0.002096633426845117,0.002144326455891122,0.0021366071887314216,0.0023801550269126545,0.0016126241534947794,0.002005031303269689,0.0017626457847655112,0.002075301948934848,0.002635288983583478,0.002205612137913704,0.002638738602399859,0.0014835484325885356,0.0011317767202854714,0.002652726136148057,0.002203323878347964,0.0013714162632823285,0.00247042626142502,0.0019699663389473967,0.0018001403659581774,0.0022245338186621657,0.0031850310042500674,0.0008782576769590518,0.002466164529323648,0.002802479080855793,0.00211371108889586,0.0026158578693865893,0.0023972149938345545,0.002742849290370983,0.0021689872955903394,0.0010786615312100118,0.0014060884714127073,0.001270752400159808,0.001401081681251623,0.0018666074611246952,0.0018523493781685675,0.0018573645502329645,0.0017204631512867615,0.0016158306971191822,0.0015040151774882958,0.0022892653942109533,0.0014876183122396955,0.0014468496665358647,0.0012453072704374825,0.001460929634049573,0.0015886130277067887,0.0016168231377377495,0.0029589235782624124,0.0012729018926621249,0.001257203519344309,0.0015578642487525801,0.0016690008342265734,0.0015273764729499678,0.001437485218048134,0.0017522126436234071,0.0017692148685454628,0.0016716681420802688,0.0017957273230421484,0.001798458397388552,0.0011382726952433085,0.0012217555195093224,6.0,1
0.0035047940909863004,0.0033070668578148573,0.002672050148248652,0.003007002174854334,0.003410801291465745,0.0033321678638457697,0.002762477844953412,0.003225216642022077,0.003702063113450969,0.004238354042172404,0.0053417086601257385,0.0035796575248241147,0.003232058137655279,0.002880267798900632,0.006309710443019822,0.006868470460176425,0.007378749549388795,0.007381511852145212,0.0058009102940559006,0.0030352622270584106,0.002370540052652325,0.0031884685158729137,0.002621891442686301,0.002957876306027207,0.002889601513743326,0.0027064029127359113,0.0023568463511765853,0.004182974720606477,0.0040877602004912176,0.004026415292173669,0.0038481391966343186,0.001911493018269584,0.0035138907842338033,0.0030916593968867874,0.001246154308319078,0.0018013864755630075,0.0013023656792938404,0.003268737345933838,0.003064362332224857,0.002737341448664689,0.0030170455574989145,0.002826245501637445,0.0037950295954942686,0.0051746484823525065,0.0033449530601501604,0.003422282636165536,0.0040872804820537715,0.0016656545922159249,0.0018209628760815085,0.0016215741634368966,0.0018574018031357847,0.003204472362995231,0.004820808768272377,0.00458911224268359,0.00454140082001691,0.003918824717402455,0.003617647103965168,0.0048789177089930144,0.005439981818199102,0.001882303506135899,0.0021331459283828735,0.005706910975277476,0.005889755440875776,0.004715729504823754,0.00167095102369786,0.004529502242803605,0.00480684451758855,0.005563888174947311,0.004628768190741589,0.005310798063874298,0.003830272704362869,0.003743663430213824,0.0033414997160435,0.0027673859149217267,0.003264354541897798,0.0018534827977419559,0.005890608765184858,0.00603301264345651,0.00575229132664385,0.0025020986795425346,0.0041212737560272755,0.0034045260399579802,0.002757003530859944,0.005664700642228156,0.006931951269507401,0.006879948079586026,0.006479067727923414,0.006179679185152096,0.006151089444756423,0.0061925053596497215,0.006108311936259294,0.0059705926105380345,0.002465527504682537,0.0033557713031769076,0.002694956958293936,0.006155790761113111,0.006087353453040103,0.002322640269994645,0.0017564445734023493,0.002272572368383421,0.0012802602723241251,0.0010843336349352672,0.0013624411076307505,0.005178008228540375,0.005152203142642871,0.004922104999423086,0.005046529928222325,0.0044928416609764,0.005189878866076518,0.0055482434108853965,0.0028537567704916608,0.0011695846915245956,0.0024492982774972647,0.003302302211522966,0.0019407076761126449,0.002451818436384201,0.0012622885406017928,0.0010853298008441682,0.0010647522285580065,0.0014181388542056526,0.0015940587036312192,0.0017032963223754748,0.0027431529015302693,0.002008032053709065,0.003048561513423885,0.0030213519930839122,0.0013732500374315885,0.0015655606985092714,0.001930337399244344,0.0012193545699118993,0.0028679575771092852,0.0021999105811119912,0.0041552335023880005,0.0025962041690945643,0.002866886556148529,0.005084369331598232,0.005742855370044625,0.002404190599918407,0.005206935107707963,0.0020516738295555115,0.0038533201441168993,0.002655964344739956,0.0010585505515337806,0.001330018043518011,0.0034803617745637425,0.0032791160047054646,0.005893112160265422,0.003019724041223568,0.0044830683618784254,0.004338074475526893,0.0048109814524650435,0.004815405234694484,0.004154551774263429,0.002901373896747766,0.002672940958291389,0.002545425668358829,0.0025883391499518103,0.002554939128458415,0.0029606437310576803,0.0031180526129901643,0.003094718791544427,0.0031523052603006554,0.001507148146629292,0.003331019543111191,0.002890750765800421,0.0022209752351046025,0.0020353235304356315,0.002578631043434143,0.0030697435140608982,0.004530988633632689,0.0038645155727862826,0.0036241241032256414,0.006056472659111051,0.002551811747252981,0.00250460952520358,0.003296384122222681,0.00455349683761599,0.0032786726951598705,0.006216848269104968,0.006331594660878143,0.00641630031168459,0.006338255479931877,0.0053072804585099324,0.004780402407050108,0.004523044917732521,0.0043792878277599465,0.0036757928319276095,0.003082964569330205,0.0023050326853990893,0.002878932049498002,0.003051349893212233,0.004863002803176726,0.004387218505144168,0.0030252449214457607,0.004094687115866725,0.0030561983585357467,0.002788443118333803,0.0028533712029458268,0.001929804682731656,0.0033920481801032586,0.0044365692883729935,0.004333426244556958,0.0043482650071383295,0.0014505190774798846,0.004051092080771929,0.002102336962707296,0.002051523420959725,0.0032631317153573283,0.003565168939530839,0.0014012511819600506,0.0043688938021660545,0.0038128551095724353,0.004490874707698832,0.0038851238787174155,0.004588397219777178,0.004466839134693161,0.003347810241393682,0.00188375636935241,0.002565216273069389,0.002008277922868729,0.003038786351680673,0.00361525011248887,0.004342349711805522,0.004414456896483964,0.004249602176059846,0.003949930891394508,0.0024815574288369327,0.0016229152679443776,0.0018963739275931167,0.0019399123266339575,0.002035764511674656,0.0020467783324420027,0.001957959495484698,0.0021227265242488615,0.002465188503265381,0.0018351674079895718,0.002507675439119367,0.0030718222260475297,0.002788238227367332,0.002816084772348321,0.0017326697707175866,0.002898178994655651,0.002536211162805495,0.002606374211609301,0.002326901183550858,0.0023131752386688982,0.003151092678308445,0.0034084357321262984,0.0028945393860340877,0.0010436382144689733,0.0021632127463817037,0.003438554704189412,0.001757595222443266,0.0016658338718115936,0.0014895778149367038,0.0012228637933730385,0.0017411704175173525,0.002799206878989916,0.0027719364734366805,0.002638861886225576,0.002262722235172907,0.0015557464212179913,0.0035058429930359225,0.0012113731354474464,0.002954632043838612,0.0018888339400290816,0.0014555240049958175,0.0033432841300964217,0.0030592028051615525,0.0029163789004087552,0.0021593626588583027,0.0025860462337732627,0.0022468063980341088,0.004442529869265828,0.003075629472732461,0.003359608352184227,0.002505979500711018,0.001642924733459835,0.0013596341013908456,0.0013500005006790575,0.002233582548797146,0.0031884759664535245,0.0035509495064615874,0.003115640924079299,0.0033603273332118017,0.0037693511694669828,0.002527021686546579,0.003356518223881743,0.007384836673736628,0.0014087632298469474,0.001812964677810717,0.0040930549148470025,0.003861831850372249,0.0031354627571999983,0.0011090412735938852,0.003801424056291615,0.0040242485702037855,0.004495434899581492,0.003026707097888028,0.004278365522623033,0.0024364218115806857,0.0027862414717674533,0.003425303846597651,0.0029234308749437822,0.002196241170167961,0.0014897752553224702,0.0040888766015995965,0.0049372506327926965,0.003657156543340519,0.002275690436363157,0.0024202596396207376,0.0023001860827207288,0.002820761874318154,0.006105000153183878,0.007597964257001887,0.007415121421217988,0.006738713011145498,0.006155664101243016,0.00505891628563406,0.005394182167947299,0.005799248814582807,0.00604263320565227,0.0018168399110436628,0.00594210624694816,0.004478904884308585,0.0047868778929114715,0.002216972410678912,0.0012998022139072973,0.002056136727333125,0.0013207313604653634,0.0012963050976395095,0.0011693052947521002,0.003690689802169779,0.003689768724143518,0.003605683334171867,0.005021881777793178,0.004210669547319426,0.004667319357395106,0.004957430064678204,0.001355794258415607,0.0019420236349105907,0.001851230394095179,0.0019079372286797296,0.0019016154110431602,0.002275045961141628,0.002883784472942359,0.0018682014197110297,0.0014955755323171444,0.0011748527176677738,0.0014274990098783775,0.0016229606699198172,0.002608137205243107,0.003460396081209162,0.0018553268164395696,0.0028920173645019115,0.0015526544302701813,0.004033818840980474,0.001950889360159521,0.0011196956038474846,0.0012711361050605494,0.0021936707198619773,0.006797909736633301,0.0018276991322636587,0.002764116972684923,0.005124300718307495,0.006517730653285911,0.005004242062568609,0.00584167242050164,0.002891108393669143,0.003224129788577557,0.002561971545219387,0.0012468714267015388,0.0023351274430753197,0.0015503549948335232,0.0017353277653455546,0.005127598997205485,0.0041311308741570005,0.0039850957691669135,0.004197943955659901,0.005136914551258018,0.0018199612386525206,0.0018087858334183953,0.0017868708819150766,0.002143569290637984,0.0016539623029529875,0.0019323992310091786,0.0019120492506771727,0.00166178075596694,0.0013708937913178374,0.0034152045845984857,0.0012881821021437276,0.002001494169235181,0.001545269042253557,0.002609148621559177,0.004328243434429176,0.003555463626980771,0.003331130807055081,0.007400110363960251,0.0015597958117722814,0.002337969839572893,0.003714177757501564,0.0058095008134842465,0.005800349637865975,0.006164239719510124,0.0068031791597604405,0.007026750594377564,0.005810296162962875,0.0028558950871229692,0.0029036635532974893,0.0027489028871058845,0.0021002353169024554,0.003156337887048742,0.0022661052644254165,0.0026526187721174,0.002262861467897832,0.0027411496266722844,0.004123531281948069,0.002925788983702691,0.004403810715302891,0.002695526927709621,0.0022213049232960307,0.004560740664601319,0.003847782500088217,0.0012750746682286332,0.004082547035068243,0.0016761510632932516,0.0013783168978988613,0.002218927256762959,0.0035552643239498017,0.00155043415725235,0.0038672406226396452,0.0035838317126034944,0.003214846365153774,0.004559826105832998,0.0037434380501509225,0.006159290671348613,0.0018900322029366426,0.0019899792969227184,0.002317018806934315,0.0014145560562610418,0.002789743244647966,0.0031840996816754692,0.0034578880295157623,0.0032823355868459147,0.0028176012710899754,0.00245745852589614,0.0014878716319799493,0.004077292978763511,0.0014953464269638998,0.0013576643541455928,0.0014470983296633847,0.0016298014670609964,0.0017102109268308015,0.0018883167067541913,0.005039170384407071,0.001266788691282307,0.0025154948234558244,0.0027936398983002125,0.002682708203792607,0.0025813765823841234,0.0013783723115921196,0.002738259732723167,0.002398561686277341,0.0020059803500770646,0.0022010506363585496,0.002303948625922161,0.001341004855930807,0.0017680469900370965,6.0,1
0.0031573586165905554,0.002961009740829454,0.0028071254491806585,0.0024820454418659696,0.0030674785375595518,0.0028526782989501537,0.002163544297218198,0.0026168022304772776,0.0027176067233085147,0.0027752649039029967,0.0046337908133863475,0.003082815557718325,0.002569738775491777,0.0027822945266962225,0.007150059565901719,0.0082167945802212,0.009870452806353666,0.011350179091095921,0.01006631366908554,0.0028901919722557623,0.002728782594203949,0.003050938248634283,0.002799836453050309,0.003054355271160596,0.002721394412219585,0.0023371651768684283,0.002421499695628896,0.002535779582103684,0.002536293904995531,0.0026119502726941954,0.002525269985199053,0.0016584657132626241,0.0049961358308792106,0.002351965755224204,0.0013860389590262948,0.0015140920877457428,0.0014290455728769096,0.002798747271299293,0.002569954842329039,0.0020053144544362744,0.002807639539241829,0.003227161243557878,0.003889547660946846,0.005726719391532385,0.002778321504592951,0.0028825625777244572,0.002248423174023559,0.0013064919039606144,0.0017531923949718198,0.0013870708644390106,0.001956620253622473,0.002769991755485645,0.002281951718032353,0.002347277237276935,0.0036499202251434326,0.002700146287679693,0.0022779449354855892,0.004644128028303268,0.003046900033950778,0.002094235271215418,0.002137944102287355,0.005701241083443114,0.005920153460465386,0.0018976144492626106,0.0016342028975487276,0.0020294003188610944,0.0015475582331418887,0.0037786129396408076,0.0027497485280035955,0.0021658362820744076,0.0018794145435096078,0.002516854554414687,0.0027710162103176256,0.0023118946701287946,0.003109768033027621,0.0020149685442446934,0.005895323702134244,0.006922221276909043,0.005697540938854198,0.0026115998625755236,0.004297683946788309,0.003863640129566158,0.0032102465629577697,0.00960587710142141,0.010518716648221012,0.00944502837955951,0.007891997694969184,0.006931180134415588,0.007091987878084204,0.007479315623641011,0.007751187309622701,0.007945287972688633,0.0019718129187822103,0.00241690874099737,0.0029943324625492235,0.006769702769815977,0.006970242131501444,0.0022144578397274017,0.0016235075891018053,0.0022277161478996624,0.0013539027422666359,0.0013394785346462525,0.0013572629541158884,0.003709867596626379,0.002642611507326303,0.0016803676262499255,0.006725899642333375,0.002304982393980009,0.002679511904716509,0.004447381943464304,0.002605218440294342,0.0012558586895465712,0.0022429106757044254,0.002270486205816369,0.0013038804754614151,0.0021061673760413764,0.001166451722383513,0.0010579675436020383,0.0011040885001420142,0.0015018219128251796,0.0016661832341923512,0.0014562250580638205,0.0019758753478527347,0.0014211647212505688,0.0019590575248002555,0.002815194427967016,0.001231934875249828,0.0015258640050888614,0.001383257098496033,0.0011551771312952699,0.0022728890180587803,0.0016991905868054547,0.0027706623077392856,0.002167985774576604,0.002404820173978792,0.0032666884362698226,0.0034306421875954373,0.0017555207014084554,0.0029689893126488287,0.0019276067614556192,0.004410043358802778,0.002923272550106084,0.0012244824320077653,0.0013215765357017036,0.0032215323299168482,0.003171462099999211,0.0065704658627510895,0.0021539181470871527,0.004892853088676889,0.004577688872814151,0.004036258906125996,0.002857713028788549,0.005250022746622561,0.002881997730582971,0.002547234296798788,0.0023128250613809968,0.0015054643154143175,0.0017389394342899212,0.0015113342087715216,0.001626901794225007,0.0017504487186670026,0.0019679069519043767,0.002278126776218359,0.002938202582299659,0.0027982518076895904,0.0018380526453256503,0.0022736378014088024,0.0022389292716980327,0.002346515655517512,0.003680739551782671,0.00406170077621934,0.00530566100496805,0.0030393749475478428,0.0019066389650105962,0.0018858723342418528,0.005902285221964156,0.004859028384089508,0.0020706281065941,0.0069895926862955605,0.007735880091786441,0.008757002651691482,0.009247377514839134,0.008104005828499844,0.004758154973387708,0.0043718162924051285,0.004114176146686126,0.0034536938183009546,0.0026769042015075475,0.0016717761754988859,0.0017097395611927562,0.002103876322507925,0.0047212680801749325,0.0031679831445217,0.002172730863094389,0.006327809765934906,0.002571154385805207,0.002223305404186263,0.0023294836282731143,0.001574020832777058,0.006733556278049975,0.008239135146141049,0.007549660280346818,0.004429491236805829,0.0013107322156428614,0.005210889037698507,0.0022901636548340733,0.00216856691986322,0.003229534253478175,0.006163121201097986,0.0013174302875994454,0.003818929195404101,0.0041164532303811065,0.0040362663567067095,0.002872172743082005,0.0037083607167006064,0.0024820044636726657,0.0032714171866246337,0.0015382394194602895,0.002414658665657071,0.002055250108241952,0.0025350823998450817,0.0021808473393319975,0.002503444906324098,0.0025251470506191427,0.0024733958416618125,0.002539095468818989,0.0019608177244663373,0.0014199614524841304,0.0017948951572179202,0.0017970101907849921,0.002120596822351316,0.0022244877181946685,0.001885378034785332,0.0017274722922593867,0.0017635077238082886,0.0019320063292979704,0.002153575420379625,0.002589598298072843,0.0027822889387606807,0.002701304852962487,0.0018208008259534968,0.0028141885995864877,0.002832341939210829,0.0020752809941768573,0.0015833472134545365,0.0015490157529711116,0.0021196324378251925,0.002481436356902168,0.002403113991022207,0.0038385484367608226,0.002872388809919316,0.0018648952245711168,0.0035174535587430096,0.0035922112874687,0.003409788943827031,0.0033487994223832572,0.003398716915398781,0.004194974782876544,0.004003826878033693,0.0041924859397112785,0.003938187845051254,0.0036426540464162094,0.0052288115257397285,0.003528781235218083,0.004993699491024059,0.003959257155656842,0.0027883565053344467,0.003488689661026001,0.0026007946580649324,0.003349022939801216,0.002650240436196341,0.0024682600051165182,0.0018122438341378962,0.003922110423445666,0.0031080767512322305,0.002951048314571423,0.0032951561734080783,0.0022235903888941227,0.002719487994909321,0.002392459660768537,0.003408660180866697,0.002754181623458945,0.003650416620075725,0.0036165155179331133,0.001821015030145589,0.003136748448014294,0.0038276740815490415,0.002043988555669767,0.007985934615135195,0.002614170312881414,0.002419665455818232,0.003145095892250605,0.002856038510799409,0.003306422382593085,0.0023961290717125013,0.0034589953720569576,0.0030219834297895605,0.003050297964364305,0.0018534082919359138,0.0015399642288684446,0.0028829406946898053,0.0020247735083102625,0.003311168402433312,0.0030372161418200164,0.0023455917835236324,0.002364456653594919,0.003183823027939031,0.004562757909297947,0.002567956573329904,0.003238283097744023,0.0017410656437277638,0.0021135695278644453,0.0024579465389251466,0.010277251712977931,0.01143818534910677,0.010008024051785448,0.00791866891086097,0.006741767749190365,0.00482628587633376,0.005684064701199551,0.0069232862442732,0.007504436187446114,0.0025992067530751645,0.007464632391929681,0.0037326738238334383,0.004318471066653671,0.002473134547472021,0.0019049812108278344,0.0024858079850673953,0.0025575817562639115,0.002968241344205933,0.0021865367889403768,0.002607127651572238,0.0016705128364265154,0.0031717214733361625,0.006308709271252188,0.003040030598640362,0.0022312514483927987,0.004150217399001224,0.0033904267475008496,0.004263281822204583,0.00329357571899889,0.0034411828964949283,0.001990178599953659,0.0031078569591045237,0.005159389227628708,0.004011886194348415,0.003565033897757553,0.0029043336398900032,0.0025650217139627715,0.0022430757526307995,0.0020593702793121303,0.005371473729610389,0.0031579919159413113,0.0029450505971909398,0.002358941361308053,0.005467638373374884,0.0021917573176324324,0.0021168952807784237,0.003543926402926438,0.00273009762167932,0.008079871535301292,0.003407075069844745,0.0026911981403828287,0.005124244838952977,0.006768502295017201,0.00690032541751863,0.0059315487742423725,0.0034897997975349704,0.0059893624857068105,0.003002848476171445,0.0025313002988696072,0.004451122134923803,0.0040190722793340666,0.004051734227687084,0.0046143326908350156,0.005589157342910753,0.00610654614865783,0.006479993462562554,0.006320334970951018,0.003772502765059489,0.0037129218690096968,0.003529356792569147,0.003344148397445651,0.0029261284507811442,0.00280506559647618,0.0027446923777461303,0.002886597532778943,0.003192418254912007,0.0036127492785453523,0.004005703143775481,0.002501271665096245,0.00292405858635901,0.002776496112346677,0.004999626427888877,0.005814881995320376,0.005622239899821618,0.00743051618337623,0.0032407464459538607,0.0020746476948260775,0.006522543728351617,0.00740311294794084,0.005946230143308643,0.006936080753803257,0.008906448259949741,0.010030362755060149,0.008595316670834987,0.0017489586025476733,0.0017303200438618695,0.001878380775451664,0.0022793496027589608,0.004047190770506838,0.0019006598740815839,0.0028371348744258944,0.0034614643082022025,0.0015670475549995784,0.004552185535430825,0.002406680956482957,0.0065253828652202675,0.0022283792495727747,0.002328094094991601,0.00810972135514022,0.0028500994667411145,0.0023040445521474075,0.004854033235460584,0.0026942014228553053,0.002370829228311732,0.002823910675942855,0.0065398160368204394,0.002474635839462263,0.0039529018104077105,0.0050028329715133355,0.002814999781548911,0.0056691505014896115,0.003696158528327925,0.007196024060249356,0.0022096104803494584,0.002087801694870054,0.003254454582929625,0.002862900495529189,0.003170885145664243,0.003529559820890529,0.003949743229895724,0.00395271414890884,0.0038799523463240414,0.003670531325042232,0.0036426410079002,0.006298869848251343,0.003541255369782486,0.003287481144070568,0.003008008003234871,0.002845122711732944,0.0027537699788807786,0.002738469745963837,0.0065995305776596356,0.0025486797094345518,0.002382516860961907,0.00321806967258452,0.0030146650969982147,0.003223221749067251,0.002113457769155506,0.002948313951492296,0.0029760040342807982,0.0034051854163408427,0.002712506626267031,0.002193375490605905,0.003347251564264321,0.0038145743310451135,6.0,1
0.004367142915725784,0.004214219748973902,0.0040070377290248715,0.002658929675817525,0.003818437457084656,0.0032231807708740646,0.002186637371778481,0.0026149805635212915,0.0016041863709687562,0.0012417826801539545,0.002527605742216138,0.004217389971017886,0.003766372799873345,0.00423431023955341,0.007389314472675316,0.008462615311145855,0.009911872446537098,0.011300360783934562,0.010330400429666093,0.004397869110107436,0.003963865339756033,0.0018041506409644946,0.003100765869021325,0.0029690149240195803,0.002600643783807744,0.0022829342633487013,0.003057814203202774,0.001796605589334014,0.002001119020860614,0.0018633832223714285,0.0019563911482692146,0.001519924029707874,0.005424185423180436,0.0023671258240938915,0.001252271234989194,0.001155432313680621,0.0016668718308210928,0.0039729662239551405,0.004460282623767922,0.003952357918024042,0.005476890131831228,0.0053589921444653936,0.006243400275707238,0.006596327410079656,0.003974929451942415,0.003488741815090124,0.0009981738403439851,0.002034106291830531,0.002292748540639898,0.00201631337404256,0.0022931899875401913,0.0029448568820952953,0.0009324159473181776,0.0012917766071040547,0.0020333155989645593,0.0017029214650392983,0.0022941743955016,0.006231526844203425,0.0010411888360977448,0.0027063302695752023,0.0031697489321232328,0.008112807758152409,0.008103462867438729,0.0016025886870919867,0.0021570511162280585,0.001122375950217306,0.0005456078797580199,0.0025884062051772434,0.001675400882959352,0.0015473244711758096,0.001025186851620799,0.0011630691587923847,0.0038954168558120866,0.0046285036951303656,0.005710078403353698,0.0028180852532386953,0.008338339568581488,0.008018799591809586,0.0076713525922968906,0.003528386354446432,0.006493115797638852,0.005743181332945789,0.00490969233214851,0.009921537712216457,0.010577883571386363,0.00951924175024032,0.008119374513626071,0.007346933707594883,0.007662551477551409,0.008067818358540547,0.00837834924459456,0.008496664464473684,0.0039398595690726965,0.0018173456192016324,0.0043168105185032645,0.0077354148961603485,0.00797545909881597,0.003151286393404014,0.002102887257933637,0.003258034586906447,0.0020456500351429237,0.0018085025949402974,0.0018372759222983726,0.0024326723068952287,0.0017011174932122734,0.0011146590113639606,0.007293583359569259,0.000897325575351781,0.001259807497263024,0.002714562229812109,0.0025565885007381023,0.0008149892091750335,0.002982018515467609,0.0015977714210748323,0.002173123881220733,0.002884846180677484,0.0009334087371826099,0.001031432300806004,0.0011243736371398458,0.0019114008173346164,0.0021999744931235814,0.0023217813577503022,0.0021353103220462448,0.001108929514885025,0.000779516994953218,0.00424592941999441,0.002021364867687288,0.0018702298402787085,0.002274483907967785,0.0015563871711491827,0.002220120280981036,0.0024268962442874284,0.0016572177410126288,0.002934742718934947,0.0026883631944657274,0.0028910040855408964,0.0019988641142845848,0.0008031874895095825,0.002052903175354018,0.0008421018719672603,0.004726530984044026,0.004202380776405361,0.0017620474100114058,0.0012014582753182151,0.0030532199889421515,0.0031866999343038256,0.007844037842005405,0.0016618855297566154,0.005690836347639561,0.003320910036563873,0.002569083124399137,0.0010940860956908213,0.00671146437525748,0.003185146488249373,0.0031456202268601327,0.0030984003096819306,0.0006772205233573289,0.0023417077027260754,0.0020879132207483205,0.0018626153469085266,0.0019395244307815129,0.002028539776802018,0.0015856176614760795,0.0029136817902326445,0.003972779959440238,0.002795193344354619,0.002952016890049001,0.0032455734908580433,0.0017046034336091476,0.0032200068235397963,0.0038089100271463923,0.006088814116083152,0.0011671632528305331,0.0027262354269624225,0.0022745728492736678,0.007005474530160436,0.004501799121499055,0.0006446912884711664,0.00756078958511351,0.008074838668108021,0.009030783548951166,0.00945772789418698,0.008408088237047251,0.007286176085472098,0.007115442305803241,0.006924800574779562,0.005474596749991147,0.0029124449938536037,0.0021364055573940307,0.002409675740636879,0.0027659181505441345,0.0070889079943298626,0.002838753163814573,0.0018919650465249601,0.006794831017032269,0.002910319715738255,0.002272211015224429,0.0025334767997265287,0.0023281164467334817,0.007392023690044902,0.008639896288514146,0.008006050251424304,0.004865113645792023,0.0016064997762440336,0.005649925675243164,0.002459960989654083,0.002631306182593148,0.0034922715276480398,0.0066755702719092,0.0020493529736995385,0.003870112821459718,0.0044677602127194856,0.0046131657436491395,0.0018051974475382512,0.0037571899592877297,0.000958219170570332,0.0042805912053153795,0.0021214317530392907,0.0032855607569216854,0.0027533993124961714,0.0033086463809013232,0.0021935738623142594,0.0018150103278458875,0.0016530961729585324,0.0015091483073774365,0.0015524104237557047,0.001614976674318376,0.0012241005897522805,0.0016871672123671168,0.0018230741843582136,0.0023854174651206216,0.0026171137578785532,0.002752968342974651,0.0026100655086338104,0.001977905631065285,0.0024412125349045012,0.002474248409271352,0.0037039667367935736,0.004018485546112081,0.003785602748393992,0.002409659326076532,0.004065826535224956,0.00405646115541454,0.002988391555845777,0.0025516143650747714,0.002382607199251723,0.0021841004490853948,0.002063287422061064,0.0031539276242256572,0.0034453440457582717,0.004372347146272652,0.0036904141306877,0.003613275010138775,0.003625638317316829,0.0035770442336797385,0.003550771623849865,0.003258985467255232,0.002686511841602514,0.002736259484663648,0.002774490974843466,0.0028323475271462787,0.0040193125605582185,0.006737414863891935,0.0032715052366256506,0.005639307200908618,0.004294250160455725,0.0032249391078948853,0.004540789872407865,0.003410862758755691,0.00399600341916085,0.0028644204139709373,0.003031561151146875,0.0026658382266759977,0.005137628177180869,0.004485964775085505,0.004101827740669223,0.0025688884779811183,0.0032303771004080703,0.003879196941852556,0.0036649294197558533,0.0033054528757930426,0.003590323030948667,0.0018582968041301504,0.002207892888691138,0.001970142126083471,0.0019954349845647053,0.002942192368209349,0.0029593533836305558,0.007927313446998624,0.0037590488791465135,0.003935135900974343,0.003973195329308586,0.00369168224278835,0.0018244599923491315,0.0034682359546423128,0.001842705532908384,0.0014071352779864365,0.0009881590958683902,0.0015746057033539824,0.00027864798903469255,0.002384716644883173,0.00287145003676418,0.0042145065963267725,0.0036045722663402696,0.002527831122279181,0.003678018227219568,0.0040342462598346755,0.00533005502074956,0.003465816029347525,0.0044615902006626285,0.0027329102158546482,0.003114799037575729,0.003580683842301313,0.01045880839228631,0.011315084993839243,0.009913556277751926,0.007988613098859808,0.006768014281988137,0.005380623042583516,0.0061243977397680465,0.00731224752962592,0.00790187250822784,0.0029018791392445946,0.0076571702957153875,0.004496693611145009,0.005079289898276275,0.003788404166698421,0.003005778416991168,0.0039073787629603715,0.003286960534751417,0.0034004971385001945,0.003341384232044245,0.000527877360582369,0.0006723706610500214,0.0013533895835279813,0.0069455709308386465,0.0014807563275099735,0.0004771538078784214,0.0019748406484723213,0.003618561662733468,0.004502397030591937,0.00323497923091064,0.003416478633880692,0.003111669793725045,0.004251066595315933,0.0050452239811420215,0.004168128594756139,0.0037841675803066076,0.003445900976657853,0.0032879022182897445,0.0032065329141914268,0.0024841800332068486,0.004746530205011361,0.003410262987017635,0.0045214146375656536,0.0033001881092787066,0.0062865465879439475,0.002980236429721061,0.003082777373492629,0.003630062565207468,0.003963667899370339,0.008141577243804848,0.0033173644915222497,0.003805086016654996,0.00655603408813476,0.0077912062406540064,0.006613597273826571,0.006338395178317996,0.0043031796813011725,0.007687279954552647,0.004419855773448868,0.0031998194754124503,0.00471531227231025,0.003709344193339353,0.003786763176322057,0.005483329761773404,0.004764512181282064,0.0072478204965591144,0.008502345532178927,0.008305255323648474,0.0037034554407000147,0.003624157048761822,0.003417312167584877,0.0034610033035277488,0.002794031519442881,0.0025986153632402875,0.002397175412625076,0.002387694548815539,0.0026537338271737762,0.00501891225576398,0.0035054050385951545,0.003229653462767615,0.00408293679356575,0.003924574702978169,0.00731959193944936,0.00782332196831707,0.007179406820796392,0.007608458399772686,0.0031340979039668863,0.003017079085111653,0.008128888905048388,0.006907723844051361,0.006123082712292585,0.007155921310186428,0.008944271132350051,0.010054476559162057,0.008839898742735308,0.002817510627210114,0.0028385212644934732,0.0026570390909910445,0.002161342184990713,0.0034520849585532552,0.0028635077178478037,0.002532920916564773,0.003119670320302153,0.002598305232822882,0.004561707377433798,0.0020396802574396515,0.00728868262376639,0.002854324877261977,0.0035109594464302,0.008635450154542866,0.004267033189535098,0.0031171031296252823,0.005968037061393278,0.0029900381341576034,0.002920935396105111,0.002972331829369055,0.0075601469725370294,0.0035228785127400454,0.005838183686137199,0.006681348197162136,0.003232107497751727,0.00510823726654052,0.004333375021815366,0.006912052631378104,0.002331278956262441,0.003253746777772872,0.004457637667655931,0.0039994046092033456,0.00439926981925963,0.002581946086138619,0.002569552045315452,0.0024632508866488678,0.002600684063509163,0.002878145314753054,0.003996010869741495,0.0061631575226783215,0.0038562882691622648,0.0037884740158914357,0.0036399206146597776,0.003494080621749107,0.0032061010133474558,0.003009824547916744,0.007066652178764481,0.003604196012020125,0.003329813480377197,0.0045878589153289795,0.004543952643871363,0.0045460723340510975,0.0033363718539476395,0.00454940646886827,0.004426896572113065,0.003204275853931888,0.0027210055268369854,0.0026757288724184873,0.0029970929026603386,0.0032759308815001817,6.0,1
0.0012447014451027196,0.00289516896009448,0.0020144321024417877,0.002259250730276045,0.002830684185028145,0.0024970918893814226,0.0017711035907268735,0.0019324887543916288,0.002087904140353182,0.0027773529291153266,0.005446565337479108,0.0011150054633617748,0.0010472573339939187,0.0009582545608282576,0.002668604254722602,0.003020921722054412,0.0036644246429205322,0.0042385160923003725,0.0038614468649029853,0.0028138160705566545,0.002522755414247485,0.0020986944437028227,0.0021476745605468386,0.002120640128850963,0.0019454229623079176,0.001726107671856901,0.0022555002942681803,0.0015179501078819654,0.0015482434696422426,0.0015904495958240315,0.00159428268671042,0.0016894210129975926,0.0037123595830052883,0.0017939507961272812,0.001161687076091794,0.0015675127506257006,0.0012765610590577301,0.0010881833732128696,0.0009141787886619287,0.0009348001331091412,0.000940302386879914,0.0009643249213695838,0.0011039432138204577,0.002229730220278744,0.0030629932880401195,0.0029271468520164212,0.0019344156607984785,0.0015892395749688756,0.0023432299494743555,0.0021324642002583244,0.0012793503701686929,0.002590797841548809,0.002528117969632139,0.002466659585479504,0.002755187451839461,0.002052424475550717,0.0018080931622534047,0.001400474226102291,0.004775643348693875,0.002178471535444343,0.0020429529249667983,0.0021584398346021338,0.002184030134230912,0.0028291572816668627,0.0019214153289794469,0.0024093985557556985,0.0028772242367269066,0.004605449037626444,0.00281459838151928,0.0036839852109552037,0.0020184554159642897,0.0019031688570975078,0.0008982792496680588,0.001002825796604146,0.0009951107203960141,0.0020223893225192816,0.002235649444628355,0.002493561245500984,0.002120683202519999,0.002830490469932591,0.0012362338602543085,0.0009446348994970913,0.0009965039789677085,0.0039059044793248437,0.0036462657153607135,0.0032087750732898226,0.002677869051694884,0.0024540722370148017,0.0025406144559382664,0.0026335529983043788,0.002664513885974898,0.002988660708069825,0.0011032465845346937,0.0033778846263885776,0.0024992674589157373,0.0024261884391307605,0.0025130175054072657,0.0017389953136443886,0.0014850795269012245,0.0019395798444747925,0.0015243305824697885,0.0014140030834823144,0.0018967352807521328,0.0037909913808107476,0.0033599031157792005,0.002866927068680467,0.002950125373899911,0.0028036292642355624,0.0038218814879655352,0.005104437470436197,0.0017838589847086546,0.0016756169497965864,0.002187382429838198,0.0013437326997518158,0.0016148472204804405,0.002697236835956573,0.0016834661364555012,0.0016375817358494323,0.0015400610864162027,0.0015209871344267828,0.0015284297987818536,0.0016291339416057199,0.001685002818703523,0.0015816241502761151,0.0012999381870031845,0.0027941539883613448,0.0017507411539554388,0.0018381327390669386,0.0016140411607920315,0.0014937799423932455,0.0016887802630662224,0.002444826066493988,0.004273295402526967,0.0022101160138844373,0.002625297755002989,0.004145715385675444,0.004897102713584914,0.002646081149578067,0.0039803981781006414,0.0015043765306473331,0.004395331256091518,0.002530205994844437,0.0014485446736217135,0.0014992654323578505,0.002288507297635082,0.002402322366833729,0.00232961401343351,0.002320602536201401,0.004476262256503124,0.004995722323656096,0.0051083639264107175,0.0040896032005549605,0.0038672080263494548,0.002417793031781923,0.002400147728621941,0.002303749322891289,0.0014370754361153967,0.0019980538636446077,0.0019293283112347187,0.0017824689857661507,0.0017480882816016327,0.0017554005607962435,0.0014723986387252669,0.0021601850166917663,0.0016253367066384194,0.001157909631729126,0.002473480999469757,0.0013572536408901425,0.0015456993132829636,0.004478130489587805,0.004491010680794792,0.004049568320624521,0.004780910909175956,0.0020791720598936133,0.0018727295100689145,0.003443103749305013,0.004752289503812761,0.003486566245555947,0.0024628620594739077,0.002649363130331081,0.0029264725744723753,0.0034969970583916127,0.0036151139065623366,0.0017096223309636342,0.0015303222462535464,0.0013799965381622627,0.000978117808699503,0.0018152426928281398,0.0016391295939683465,0.001826350926421628,0.0020940238609909803,0.0016335281543433935,0.0029257386922837136,0.001581448130309509,0.0034184919204562824,0.002178542315959882,0.001939941197633674,0.0019154809415340359,0.0020995810627936827,0.003088612109422675,0.00309812277555465,0.0035607935860753493,0.002432515844702738,0.0014818627387285733,0.003051168285310225,0.0013954290188848393,0.0014554169028997517,0.0017260359600186155,0.003658971749246153,0.0019280742853879128,0.0035399943590164046,0.00386023800820123,0.0020166924223304593,0.002984069287777009,0.0027985721826553865,0.003922596573829706,0.0013543299719459506,0.0018545277416705008,0.002908963710069664,0.0024538040161132327,0.0029723197221756398,0.0018284204415977329,0.0016831494867802178,0.0016913418658077856,0.00171736764605161,0.0015105418860913034,0.0016801133751870446,0.0017609447240829745,0.0017062500119209914,0.001696623861789693,0.0017555947415529892,0.00176565861329441,0.0019766101613640035,0.001856451621279148,0.0024629682302474976,0.0020998641848564426,0.002232477068901187,0.003040090203285287,0.002792384475469603,0.002907693386077909,0.001801669597625729,0.002779625356197399,0.002508204430341693,0.002119265496730841,0.0018633909639901016,0.00171116646379235,0.0017044059932232074,0.0015767738223076352,0.0021835565567016463,0.0017243102192879244,0.002508848905563299,0.0041860565543175715,0.0019863857887684935,0.0019556162878870825,0.0018792031332849925,0.0016564838588237726,0.0020797266624868254,0.002300886277225778,0.0018908874408224234,0.002342242514714509,0.002118936739861936,0.0019189994782208247,0.003427210147492682,0.0015527810901402974,0.0025019049644470076,0.0021803639829159407,0.0017746845260261448,0.0013521052896975985,0.0010891929268837322,0.0017872620373964516,0.002054082229733436,0.001320393756032049,0.001518769189715316,0.0027753435424529736,0.002829238772392301,0.002606771886348752,0.003692567348480263,0.0018936181440948328,0.002505842596292503,0.0023898705840110016,0.0017858278006315715,0.0024073868989945013,0.003674385137856085,0.003942301031202086,0.005179800093173953,0.0021561253815889324,0.0016421044711023454,0.002735263435170081,0.004979163408279447,0.002422999590635293,0.002260506153106773,0.0021763987606391146,0.001990927616134229,0.004482788965106043,0.0023482833057641844,0.003042945638298957,0.0036049354821443775,0.00586189259774977,0.004860958084464087,0.0048279725015162684,0.003999678418040272,0.004140947014093392,0.0012110061943530898,0.0016292706131935714,0.0017662476748228038,0.002291696146130537,0.0021532970131373052,0.002770234830677484,0.0018445611931383692,0.0027732290327549193,0.0014377264305949224,0.00123972073197361,0.001052845269441629,0.004240305162966241,0.004545899108052299,0.0039291437715291535,0.003228634595870989,0.0027304440736771324,0.0026015043258667482,0.002868635579943655,0.003449771553278039,0.003722847439348672,0.0021827220916747388,0.004450008273124778,0.002312781754881191,0.002628181129693907,0.0019828155636787627,0.0019991658627987047,0.0021479986608028,0.0019303471781314246,0.001989137032069265,0.002161253243684807,0.005702106282114955,0.004986477084457856,0.004235324915498572,0.0033230422995984433,0.002999134361744017,0.004333773627877242,0.005791943520307597,0.001806029118597513,0.0021994039416312608,0.0020164744928478986,0.002351058647036535,0.001897271722555081,0.002669293433427811,0.0022914633154869288,0.002121292054653126,0.002136787399649646,0.00196266267448669,0.0018285241676495594,0.001813936978578607,0.0018205996602773113,0.002448003739118507,0.002870811149477924,0.0027684122323990146,0.0019406657665967696,0.0034080892801284512,0.0017716968432068278,0.002019600942730836,0.0014828778803347466,0.002479225397110061,0.004960536956787054,0.00204342417418963,0.002474434673786198,0.004240345209836953,0.004799626767635346,0.003610707819461921,0.004129484295844975,0.003150947391986847,0.003779314458370193,0.0024623982608317704,0.001894516870379436,0.0022876597940921987,0.001821287907660016,0.0019467938691377648,0.0028324685990810373,0.0029941461980342865,0.003342294134199649,0.004440583288669586,0.0046860352158546534,0.0020509050227701282,0.0021474426612258235,0.0020874617621302865,0.003139119595289286,0.001764558255672355,0.0014831337612122972,0.0017935098148883855,0.0018179998733103657,0.0016677491366862837,0.003182858228683389,0.0017397543415426859,0.002008045092225061,0.002592884004116086,0.0017387382686138222,0.0044084936380386144,0.004260960966348662,0.003103603259660242,0.004787303507328075,0.0020345700904727624,0.0019301064312458173,0.0038301739841699978,0.004115790128707872,0.002637421712279275,0.003150502219796257,0.003837455064058332,0.004368398338556193,0.0039350129663943524,0.0017634686082602191,0.0019650747999549294,0.002120101824402811,0.0023213531821965642,0.0023500509560107877,0.001863554120063754,0.0016334466636180893,0.0019253338687122254,0.0017288816161454125,0.0033211521804332803,0.0016291784122586376,0.0032638179836794877,0.0020214691758155337,0.0021323747932911336,0.0033941930159926657,0.003439915366470798,0.002186677418649204,0.003519017947837663,0.0019985220860689267,0.002271352335810749,0.0023461920209229127,0.002994326874613736,0.0021083224564791073,0.003904730081558144,0.003928291611373371,0.0030653625726699985,0.003399502485990476,0.0033199358731508736,0.0042802691459655606,0.0024212320859078357,0.0019420012831687823,0.0028263740241527427,0.002601314336061429,0.002735689282417311,0.0015011753421276695,0.002259575296193456,0.0027026117313653487,0.002881371008697868,0.002741335891187172,0.0018255114555359023,0.002918258309364249,0.001909503713250216,0.0020434278994798105,0.001986728981137261,0.0018709618598222765,0.0018952274695038687,0.0018640595953911573,0.003778576850891197,0.002391066402196808,0.002102866768836864,0.0028588771820067804,0.0026943497359752802,0.0028022713959216863,0.0021714735776185642,0.0027106106281280795,0.0024956725537777225,0.001995524391532004,0.0017923424020410183,0.0017390288412571196,0.0015320032835006367,0.00189043395221232,6.0,1
0.002542063593864476,0.0012371018528938293,0.001003578305244543,0.0022334046661853573,0.001601435244083349,0.0020068660378456255,0.0031123347580433174,0.003665350377559593,0.0024918038398027524,0.0027216952294111213,0.006888533942401437,0.002661336213350365,0.0028497986495494704,0.003011262044310556,0.00289879553019997,0.0030184164643287416,0.003278186544775977,0.0032271202653646053,0.0029861601069569787,0.0011251345276832305,0.0013446584343910425,0.006862260401248752,0.0033845542930066863,0.0036049592308700735,0.0037582116201520994,0.0038780849426985477,0.003367162309587016,0.003035166750123473,0.003010964994700688,0.0032948036678135807,0.0035636192187666928,0.0042292177677154055,0.0029882426606490198,0.0035853795707226845,0.00509180128574374,0.0044794231653213145,0.002749318256974182,0.0027803815901280143,0.0030503794550895344,0.003209151327610027,0.003654044121503844,0.003374675288796445,0.0037482399493455436,0.004067553411004989,0.00120463967323306,0.0014592558145522796,0.004022453911602558,0.003085749223828191,0.002381715923547703,0.0025268606841563485,0.003406514413654891,0.0018935948610306762,0.002857815474271705,0.003695212828460979,0.007256958633661333,0.0020414553582668825,0.002973481081426216,0.004284226568415755,0.005828924477100345,0.001990057528018882,0.0017555914819240707,0.0043825797329192055,0.004349373513832684,0.004041527397930626,0.00249936617910863,0.002108613029122318,0.002531439065933325,0.007388027384877199,0.005736291408538818,0.005259225610643718,0.00446709431707867,0.005731057375669493,0.002907909452915123,0.0032378304749726768,0.003688517957925793,0.002044506371021305,0.004395238705910814,0.0041064033284784075,0.004284472670406181,0.0017173551023006856,0.003820796497166133,0.003533840179443301,0.003191962838172948,0.003003031015396111,0.003239050507545388,0.003182625398039793,0.0030452609062194412,0.003046734258532472,0.0036468375474214896,0.0036503635346888975,0.003750571981072429,0.0037458389997482213,0.0031878929585219644,0.00609953701496127,0.0008295811712741713,0.003921160474419608,0.003998065367341054,0.0015477165579795768,0.002467706799507113,0.001677893102169023,0.0031672501936555377,0.003320549731142821,0.002540707588195832,0.007362930104136373,0.005501750856637885,0.003283076919615285,0.0036317626945674523,0.002307949587702824,0.005361963063478446,0.007313553243875613,0.003929195925593376,0.00436988100409514,0.0031235460191964878,0.004058055579662229,0.002946197055280107,0.0020335689187050213,0.0044399015605449815,0.004054564982652721,0.0036734156310558787,0.003474874421954237,0.003326599602587515,0.003235617186874115,0.0029091965407133033,0.004384070634841975,0.004333838820457292,0.0010659173130989352,0.002655685879290151,0.005810379981994657,0.0031087072566151784,0.002743088640272616,0.003822831436991727,0.0022717043757437693,0.006106078624725286,0.0030968217179180146,0.0018644630908965856,0.0046146400272846855,0.004811868071556161,0.00524437427520752,0.005082465708255836,0.005551487207412803,0.002951204311102652,0.0009414330124854486,0.0027804598212240825,0.004722699522972086,0.003705097362399089,0.0036404393613338796,0.004159469623118648,0.004548426717519816,0.002730919048190093,0.003523621708154741,0.004048917442560121,0.005156116560101554,0.002670980524271723,0.003578748553991335,0.003381577320396902,0.0033132191747426,0.004664715379476478,0.0029642810113729365,0.0030221706256271076,0.0030707917176187515,0.0032681319862604852,0.003353051841258994,0.006256937980651911,0.0037258602678775436,0.0014979206025601056,0.0027952343225479373,0.0020395815372467392,0.002047769725322772,0.002957973629236346,0.004043836146593087,0.0035774353891610297,0.002613742370158439,0.005341827869415311,0.003111807629466019,0.002556785941123893,0.00247094081714744,0.002976048737764348,0.0052918717265129644,0.0032654814422130862,0.003257466480135859,0.003412745893001623,0.003417083993554057,0.003207345493137845,0.004048763774335414,0.004052209667861467,0.004102382808923751,0.003767910413444061,0.003942163661122346,0.0028912071138620377,0.002773296553641532,0.003072760067880191,0.0040146680548787325,0.004585910588502856,0.002540095709264317,0.003091409802436781,0.0023857168853283,0.002573937177658088,0.00277726724743841,0.0023833476006985266,0.002495596185326618,0.002770339138805805,0.0028259083628654515,0.0039422865957021375,0.002912452444434116,0.0035505675477907274,0.003039923496544293,0.003128234762698417,0.003678862471133465,0.0026310971006750354,0.002536976709961978,0.004001991823315639,0.003499566577374881,0.003980560228228567,0.004716344177722939,0.004210812970995829,0.0053197070956229895,0.0035120999673380034,0.0026189908385277428,0.0018520019948481887,0.00218957290053369,0.0017127990722655836,0.00239724118728184,0.002544088987633507,0.003022360149771011,0.0035278559662401962,0.003925439901649877,0.00413417071104049,0.0052356794476508105,0.003936314955353678,0.0038087088614703365,0.0035608629696072436,0.0033255331218242073,0.003288236912339873,0.003036303911358013,0.005926117300987271,0.002285856753587653,0.002118103206157587,0.0014350935816764693,0.0013399794697761187,0.001531496644020025,0.0022012833505869428,0.001257061958312905,0.0011793673038483221,0.003061045892536593,0.002942860708572105,0.003021174110472201,0.0034659542143343977,0.003795113414525962,0.0023083351552485865,0.0030161961913109173,0.0010762698948383331,0.00467388331890109,0.00263544451445343,0.002713537774980055,0.002878553234040772,0.0030405428260565463,0.002754095010459403,0.002776574503513976,0.0027405714572523703,0.002995874732732741,0.003259591758251237,0.002933062613010452,0.002457964408676933,0.0030550491064787358,0.002648755908012307,0.002998169511556556,0.0014600986614823359,0.0022250935435295387,0.002740450203418704,0.0020838305354118104,0.002178763970732661,0.0025918036699295053,0.002607775852084173,0.002481737581547197,0.001324906945228535,0.0016224235296248837,0.003810350783169261,0.0025109015405179037,0.0017311982810497351,0.001844972372055123,0.0013608876615762134,0.0020173266530035955,0.003038598224520718,0.003657659515738527,0.005430415272712652,0.0021471623331308504,0.0027175997383892024,0.0022153267636895397,0.0034032911062240323,0.0013416297733783722,0.001225665211677468,0.002528814060497091,0.002585777547210519,0.003908966667950282,0.0015410780906677628,0.002231288701295879,0.002674635499715916,0.006489742547273625,0.004751516506075882,0.004873384255915925,0.003824396058917015,0.004324279725551584,0.0024839155375957905,0.0023229345679283107,0.0023711491376162057,0.0014144126325845822,0.002518789027817547,0.002617096528410976,0.002574021695181707,0.0014995373785495827,0.0027510337531567106,0.0028422493487596685,0.002956291660666459,0.003067758865654491,0.0031580198556184803,0.0031292941421270856,0.00300456956028938,0.002710387110710109,0.0025362288579344385,0.0027055218815803875,0.002781758084893147,0.0027964543551206693,0.0016676280647516598,0.003232985734939575,0.002576276659965513,0.0026087006554008307,0.0010958760976791312,0.0015716701745986938,0.0011876560747623097,0.0021811770275235827,0.0018432376673445704,0.001696553081274043,0.00604780018329627,0.004888968542218153,0.0033977264538407386,0.002723689656704685,0.002352463081479073,0.005103785544633796,0.006748126819729731,0.0029450356960295763,0.0025258064270020017,0.0027979267761112266,0.003454770892858509,0.0026304060593247713,0.0017363391816615991,0.002190705388784353,0.002210475504398401,0.0019487543031572394,0.002115762326866321,0.0024174763821065482,0.002693948335945568,0.0031062476336955955,0.002059940248727805,0.0034158658236265052,0.0010983869433402876,0.002155257388949443,0.002840861678123502,0.0028358248528093434,0.001740052364766655,0.003214051946997688,0.0020297691226005693,0.003370657563209506,0.0028151515871285924,0.0019853450357913693,0.002475164830684613,0.002727866172790555,0.0026566237211227,0.0028021410107613018,0.003589622676372625,0.002300792839378105,0.0008707568049431054,0.0017849840223789265,0.002838172018528075,0.0029640421271323806,0.002841500565409668,0.002595291007310193,0.002251703292131424,0.0025139031931757268,0.002346422523260186,0.002447679638862575,0.0028880573809147297,0.0028386022895574275,0.002902187407016692,0.003444857895374221,0.002607760950923041,0.0027435678057372084,0.002694242168217854,0.002808970399200955,0.0028583593666553983,0.0036697089672088623,0.0030124858021735967,0.0013797543942928175,0.0015241540968417495,0.0013800859451293735,0.002330876886844635,0.002295520156621919,0.002468605991452954,0.0030920058488845,0.0027687037363647114,0.002572502940893201,0.0024769902229309078,0.00274068117141725,0.002641750499606164,0.0027736425399779545,0.002853598445653943,0.003067271783947983,0.0028060888871550664,0.002414229325950071,0.002313045784831023,0.002286235801875567,0.001937086693942591,0.001864425837993632,0.0028936807066202545,0.0027630447875709066,0.0028941221535205485,0.0025916127488017065,0.002317525446414892,0.00274112354964013,0.002526084892451789,0.0027644075453281537,0.0022015795111656328,0.002713200636208014,0.002231350168585761,0.0015115262940525716,0.002453541266731925,0.0013862159103155782,0.0014228997752070375,0.0016840025782584275,0.0025054803118110466,0.0020165834575891113,0.0022422764450312107,0.0024035861715674765,0.001948921009898191,0.002446610480546937,0.001980846747756036,0.002935923635959625,0.0015646583633497268,0.002376819029450403,0.0015686601400375295,0.0015752464532852448,0.0017856433987617215,0.0023453881731258,0.0025756675750016928,0.002991453511640372,0.003405267489142698,0.0036335634067655295,0.003187220543622895,0.002573691308498466,0.002614011988043813,0.002477031201124165,0.002492028288543247,0.002451824955642143,0.002769263926893441,0.0027427207678556863,0.003041192889213617,0.001484733074903516,0.00228595733642592,0.001395516097545707,0.0012063644826412548,0.0013485401868820743,0.0013598017394542484,0.0011534169316291813,0.0010429508984088273,0.002826888114213907,0.002844372531399081,0.0030093062669038113,0.00295555591583245,0.003280105069279612,6.0,1
0.0006929077208042492,0.0011977329850196975,0.0008297413587569428,0.002075050026178374,0.0014800354838370585,0.0018740743398667078,0.002759698778390919,0.004086727276444383,0.0028480961918831843,0.003574136644601863,0.006456811912357714,0.0009031221270561288,0.0011279843747615534,0.0013450086116791086,0.0036166794598102986,0.0038472488522529047,0.004109524190425873,0.004452887922525402,0.004574609920382521,0.0012161582708358214,0.0013524293899536276,0.00534276664257044,0.003080889582634007,0.003400702029466612,0.003680616617202736,0.004195943474769679,0.0029658386483788174,0.0036324830725787726,0.0034567574693936953,0.004042586311698077,0.004374622367322454,0.00408987328410149,0.004340058192610627,0.004309576004743635,0.004602640867233361,0.0042725540697575535,0.0022320700809360387,0.0007041543722153404,0.0009975060820579668,0.001041520386934322,0.0013608746230603095,0.000988706946373017,0.0012785419821738366,0.002792122861137569,0.0015094131231307983,0.0015619620680809715,0.0041625993326306855,0.0023422380909322808,0.0019761547446251267,0.0019599609076976767,0.0029453458264471297,0.0018129795789719183,0.0036648120731115133,0.0037705461727455055,0.005455590784549776,0.0029413457959890435,0.0032378616742789077,0.00279781734570859,0.00696954876184469,0.001691579818725572,0.0014044605195522447,0.00221220628009178,0.0020248268265277733,0.003965139389038017,0.0018638260662555168,0.0033971089869737968,0.003781585022807153,0.006304754409938988,0.004862437024712543,0.005238270852714835,0.004251267760992068,0.004817340523004456,0.0007297024130821297,0.0009853132069110489,0.0013046357780694855,0.0015640873461961506,0.002067411434836716,0.0024010660126805913,0.002123812912032005,0.0018494725227356367,0.0012963805347681392,0.0011089444160461252,0.0011708568781614442,0.004420108161866646,0.004259990528225895,0.003946881741285331,0.0036239251494407407,0.0034218262881040053,0.002696244977414643,0.0028150044381618287,0.003035848960280429,0.0031562596559524154,0.0017151031643153278,0.006252840161323521,0.0009719617664813855,0.0022423593327403303,0.0023199301213026077,0.0012196339666843135,0.0015476364642381495,0.0013669580221176564,0.002466705162078209,0.002692991751246155,0.0018852595239877493,0.005933569744229306,0.00518964603543286,0.0039975414983929106,0.0030354214832187076,0.003429327160120052,0.005307698622345952,0.006450625136494685,0.003966100513935096,0.004044592380523744,0.0027712695300579123,0.004368804395198777,0.002214459702372506,0.0020128972828388075,0.0042098164558410645,0.00370958819985396,0.0032412130385637283,0.0029073874466122186,0.002665095729753416,0.0025397404097021173,0.002673886716365741,0.0037609413266183056,0.004304792732000365,0.0013643130660056788,0.0020636497065424416,0.004869893193244962,0.0023724082857370238,0.0017309933900832954,0.004424719139933607,0.002034008502960205,0.0067897886037825705,0.002834557555615966,0.0018953830003738679,0.005464598536491408,0.006419487297534943,0.0050712004303931895,0.00568310916423799,0.004808932542800931,0.00504116388037799,0.0011028945446014127,0.0021090488880871573,0.004400618374347617,0.003722726367413996,0.003456873819231907,0.0024064825847744976,0.00414695218205461,0.0053053442388772964,0.005911692976951662,0.006112080067396067,0.005094975233078121,0.0051919748075306155,0.0032150088809430287,0.003025279380381128,0.002953436225652653,0.004410348832607186,0.003161710686981641,0.0035463045351207868,0.00391610106453299,0.004255269654095197,0.004303641617298083,0.005013689398765564,0.0038773352280259132,0.0005621574819088121,0.0014412589371204725,0.0018366873264312814,0.0009200423955916804,0.002845907583832862,0.005386900156736381,0.005305821076035482,0.004801318980753346,0.006686136126518263,0.002967528067529221,0.002176865935325553,0.005021837074309566,0.005633657798170996,0.005577795207500527,0.003085888922214494,0.0032621026039122945,0.003566082566976537,0.003790071234106969,0.0037251524627209282,0.0016323141753674336,0.0016916906461120554,0.0017415564507246154,0.0020660120062529533,0.003290127962827641,0.002418680116534226,0.002748555736616263,0.0029243864119053425,0.001681953668594402,0.004490174353122753,0.002719548530876588,0.003791311988606989,0.00214325264096258,0.002390541136264773,0.002468395978212294,0.0019326545298100559,0.004750539548695164,0.0047702165320515294,0.0045225815847516225,0.003624101169407389,0.0018574027344583266,0.0037147608818486545,0.0022250458132474734,0.002037283964455128,0.002946199849247997,0.004546966403722737,0.0019713025540113237,0.0044725295156240906,0.004574342630803618,0.0033633634448052147,0.0046682208776474285,0.004092648625373816,0.005855180323123863,0.002371576963923864,0.0019805226475000247,0.001978781074285521,0.001915749162435511,0.0019380003213882169,0.0030604483326896643,0.0034091614652426447,0.003501303493976665,0.003895075176842561,0.004311269149184088,0.004311021417379428,0.004594951868057196,0.003882849588990153,0.003503126092255237,0.0032005128450693305,0.0028808517381548717,0.002775625791400559,0.0024754018522797922,0.005646079778671265,0.0017671398818491987,0.0018832758069038246,0.0017942264676093778,0.0015111267566680908,0.001771807670593227,0.0016259998083115006,0.0014895424246787747,0.0012367516756058572,0.0026505067944525874,0.002518279012292653,0.002532262355089265,0.00431484356522549,0.004405908286571451,0.0020572096109390536,0.0024111736565828913,0.0008312202990055015,0.002902418375015245,0.0023450250737369377,0.0022554607130586693,0.0021678935736417267,0.002269409596920073,0.002611298114061374,0.002874024823540757,0.002898882470617591,0.002889929339289686,0.002792021259665513,0.0017442237585783315,0.004507605975959319,0.0025601238012313184,0.0018049106001854496,0.001548234373331063,0.0006581787019968812,0.0008965842425823908,0.001467701047658941,0.001257345080375668,0.0017299130558967519,0.0017283689230680641,0.002097902819514257,0.0030389510211534065,0.001102365553379045,0.0014358982443809648,0.0032243458554148947,0.0018395129591226977,0.0008673965930938582,0.0010153613984586196,0.0011758795008064114,0.0017983689904211703,0.004457496106624636,0.0041311668464914025,0.0036593377590179647,0.0035514011979102533,0.002808215562254186,0.00266417069360614,0.004002228379249545,0.000654570758342736,0.0006787702441215027,0.002709818814764707,0.0026589045301080327,0.00410503894090652,0.0006466209888458356,0.0043161250650882105,0.004683971405029314,0.0054035861976444366,0.002945994958281486,0.0038656857796013936,0.0029764026403427853,0.002345055341720525,0.0011881440877914567,0.0015633683651686062,0.001932162791490527,0.0006400179117918119,0.0026906027342192625,0.003118418157100677,0.002619624603539709,0.001023963093757671,0.002176498994231304,0.0019219536334276054,0.0016454979777335982,0.00455400254577395,0.0043705012649298035,0.004184158518910439,0.003920910879969546,0.003705265000462585,0.003462660126388089,0.003526562824845394,0.003624858334660443,0.0036231344565749203,0.0012465696781873772,0.003036156296729986,0.003129216842353409,0.0031378865242004863,0.000446081161499079,0.0006561465561389508,0.000593896955251659,0.001453878358006538,0.0009058391442522844,0.0007423795759677818,0.004477890208363474,0.003595142625272149,0.004549373872578164,0.0036371136084198414,0.004277836531400625,0.00467738509178163,0.0060849962756037036,0.0021415352821349512,0.0011988915503025196,0.002688943408429669,0.0023102927953005674,0.0021101282909512143,0.0011738538742065152,0.0014101043343544425,0.0010138731449842522,0.001003229059278868,0.001401705201715296,0.001792593160644232,0.002160699106752869,0.0026381518691777177,0.0014043003320694664,0.002093076705932513,0.000985868275165558,0.001369280740618737,0.002561345696449363,0.002363180043175885,0.0008609872311354308,0.0024836678057909185,0.0013651922345161644,0.0035127103328704556,0.0027182968333363325,0.0016545876860618804,0.003682687878608704,0.004268214106559753,0.002128086984157632,0.003147430717945071,0.0017342790961265705,0.00481205573305482,0.0007771812379360478,0.0009599206969142203,0.0012803524732590136,0.002328690141439389,0.002363603562116685,0.003043434582650704,0.0015803053975105429,0.0052114082500338225,0.004576619714498541,0.004348840564489351,0.0025628423318267285,0.002675620838999811,0.0027521541342139283,0.0017400793731212616,0.0029068249277770354,0.003031231462955448,0.0031289369799196607,0.003098649904131917,0.002900678664445877,0.002154879271983989,0.002319913357496175,0.0007131677120924065,0.0008332468569278718,0.00022466108202934262,0.0041074082255363395,0.004412394016981104,0.005020973039790952,0.004130326211452456,0.0028212442994116427,0.002042092382907923,0.004951827228069286,0.002093330025672913,0.003692006692290372,0.0038416292518377343,0.003981662914156968,0.004078168421983698,0.004100529477000231,0.002287906594574422,0.0022064596414565363,0.002156072296202129,0.002080886159092232,0.0015279650688171005,0.002401718869805395,0.0025897261220961536,0.0029047648422420433,0.002365753054618865,0.002546314150094937,0.0025341780856251877,0.004259708803147103,0.0023659206926822315,0.0014842599630356182,0.004672959446907096,0.003182416781783151,0.0007822830229998086,0.0036944899475201314,0.0011607848573476215,0.001059443224221481,0.0017260680906474668,0.004795115441083953,0.001164043322205547,0.003618203103542279,0.004103668034076708,0.002769173122942517,0.0019823201000690113,0.0029999855905771325,0.002716079354286263,0.0018835649825632093,0.001730423420667676,0.0010873824357986242,0.0008184015750885566,0.001429535448551178,0.002388235297985407,0.002861858811229425,0.0031815515831113486,0.00305166293401276,0.002676415257155805,0.0019967705011367802,0.0019870847463607927,0.0016498025506735785,0.0017173914238810904,0.0019031059928239294,0.002061082515865502,0.0024306057021021713,0.0024691903963684927,0.0029091984033584872,0.0006702914834022383,0.0017898641526699827,0.001135393977165236,0.0010226666927337991,0.0010255724191665996,0.0005280505865812128,0.0009736493229866028,0.0007508844137191983,0.002709719352424171,0.0025567780248821237,0.002602103166282196,0.002737818285822844,0.002568531781434954,6.0,1
0.004409939050674494,0.0054673925042152145,0.004141297191381385,0.0035297274589538717,0.005344718694686848,0.00455000251531601,0.0026843734085559147,0.00317963585257533,0.0019216276705264453,0.0019164830446242941,0.0030837859958411096,0.004250895231962253,0.003719061613082872,0.003163142129778845,0.002548817545175497,0.0031297430396079635,0.003635749220848094,0.0037047732621430587,0.0034852288663387125,0.005193941295146942,0.0044745542109012534,0.00394331663846971,0.002666440792381881,0.0028022318147122322,0.002906478010118089,0.0029685981571675145,0.0025740698911250392,0.003481874824501455,0.0032638936463626643,0.00368248508311812,0.0036499993875624115,0.002945881336927393,0.002360882819630231,0.0032418258488176865,0.0034926980733871052,0.0032516308128832947,0.0022841012105345795,0.0046958513557910295,0.003909029066562597,0.004202201962471057,0.0034385547041892624,0.0035889707505702764,0.00297667831182485,0.0012963297485838851,0.0055250078439712655,0.005312874913215721,0.0036624595522879093,0.002390634268522216,0.003786209970712648,0.0033754706382751877,0.0023698955774307303,0.004472151398658808,0.0037937853485345147,0.0037553463771473608,0.004280082881450639,0.0026990193873642626,0.002959484001621598,0.002116753254085739,0.0013833045959472654,0.003759041428566021,0.003669530153274599,0.001853934489190561,0.0017246727366000214,0.0038866475224494665,0.003332931548356996,0.0034152716398239066,0.003588821738958435,0.0043760933913291325,0.004195468500256559,0.004302360117435559,0.00373531877994536,0.003959238529205301,0.004401996731758083,0.003997873514890678,0.003289036452770257,0.0034653823822735803,0.0018108269141521786,0.001453505828976652,0.0017283870838583426,0.004664804786443669,0.002659506164491175,0.003114270046353292,0.0033193007111549343,0.00380402337759737,0.0039519704878330135,0.003641871735453571,0.0029604844748973807,0.0024754032492638016,0.0015346435829996679,0.001717215403914462,0.002080170437693568,0.002294680103659693,0.0031873397529125665,0.0028642863035202018,0.00471304357051848,0.0013867169618606134,0.0014458540827035956,0.003743510693311622,0.0029682852327822945,0.0037498362362384866,0.002300558146089494,0.00234491867013279,0.003083439543843266,0.004528719931840966,0.0044029662385582135,0.0040478184819221965,0.002231034915894262,0.0028906483203171678,0.0037746727466584813,0.003951741382479701,0.0029857996851205045,0.003020182251930202,0.0025639422237872488,0.003497848287224704,0.0024609128013253264,0.0044808872044086795,0.003089744597673368,0.002777446061372805,0.002625568769872197,0.002369886264204925,0.00235833850456402,0.0023565986193716127,0.002776645123958515,0.002685893326997646,0.00350665859878058,0.005158849060535403,0.002463504672050521,0.0036952793598174494,0.002443896606564481,0.0025005107745527805,0.003149928525090138,0.0038813315331936156,0.0022110939025878074,0.002702255733311135,0.004302538931369768,0.0014223642647265766,0.0012000650167464932,0.002707630395889296,0.0012167915701866846,0.0037446245551108477,0.002383808605372904,0.0046932995319366394,0.0022804588079454163,0.003365449607372305,0.003159910440445007,0.002981099300086389,0.0014823232777417385,0.0023089088499545704,0.002411491237580733,0.002230875194072702,0.0017666779458521964,0.002792043611407291,0.002276167273521397,0.0028921510092914013,0.002683456055819916,0.002621534280478923,0.0035613812506199156,0.0029764017090201282,0.003173740347847328,0.003364869393408347,0.0034375390969216945,0.003456053324043763,0.00362470746040347,0.003235999494791005,0.003992874175310135,0.003267239779233943,0.0040214397013187755,0.003875203430652585,0.00233000330626966,0.0017878264188765996,0.0021534655243158,0.002352064475417064,0.0006656944751739918,0.002799015492200919,0.002844549715518959,0.0024375198408961435,0.0025541670620440986,0.002207584679126725,0.0019435342401265927,0.002407222986221383,0.002935392782092136,0.0032936446368694444,0.003213544376194576,0.0023199515417217705,0.002565567381679961,0.002656465396285089,0.002685846760869081,0.002207277342677148,0.0026120319962502324,0.002695556497201313,0.0027379272505641105,0.002236451022326895,0.0016558133065699909,0.002611049450933923,0.0029191763605922482,0.003542512655258151,0.0029468275606633343,0.0029291249811649674,0.003013540059328141,0.0026755761355161285,0.0029747989028692298,0.003294152207672575,0.001547687686979769,0.0022268258035182988,0.0019897834863513817,0.0023342440836131304,0.0023410110734403194,0.002104922663420431,0.0028742579743265733,0.002730717882513969,0.0016985889524222288,0.0020282138139010087,0.0017774300649761703,0.002047374844551184,0.0014222543686628589,0.0017248094081879215,0.002124487597029622,0.002627082169055942,0.004726756364107215,0.004000168293714503,0.005082435905933311,0.003029244486242553,0.0034121591597796428,0.0036878529936074642,0.003744051733519914,0.0037479149177670062,0.0031558722257614066,0.0030728504061697803,0.0027982704341410897,0.002622092142701097,0.0025216075591743717,0.0024347151629625897,0.0023724320344627077,0.002390391193330248,0.0033325403928755877,0.0035539641976356025,0.003326658159494435,0.005262821912765434,0.00479817390441898,0.004932213574647959,0.0032754875719547033,0.0050543993711471705,0.004532877355814063,0.002606453374028253,0.0024688072735443546,0.0024902475997805144,0.0033369250595569645,0.003512453287839886,0.003317140042781851,0.0017675999552011316,0.004526592791080496,0.00533332675695429,0.0017619235441088566,0.0013669710606337,0.0012957789003848873,0.0020178146660327642,0.002000824082642805,0.0015108951774891767,0.0014063288763281204,0.0016796947456895405,0.001955019310116709,0.0022802446037529997,0.002357331104576577,0.0020352248102426767,0.004365146160125705,0.0030741468071938394,0.0007803970947861758,0.004133515059947926,0.003368347883224425,0.0032250005751848394,0.0021044909954071184,0.0028235353529452827,0.001967169344425146,0.0015622467617504325,0.0052255019545554855,0.005004756152629852,0.002766637131571721,0.001472484320402017,0.00299088656902307,0.0024857148528099893,0.0014620441943405866,0.004283063113689339,0.0015770522877575214,0.00214369595050809,0.0047932192683219285,0.0010015014559030602,0.0016266475431620016,0.0012893497478217238,0.004420727491378784,0.003315474838018425,0.0036281011998653204,0.0009264473337680588,0.0010197593364864534,0.0026191622018813983,0.0026853550225495945,0.001075826585292792,0.0012759584933519988,0.003084274474531449,0.0036062337458133593,0.0020261835306882754,0.0033286921679973984,0.004228621721267721,0.003920067101717037,0.003091115504503257,0.0020681191235781627,0.0032585095614195148,0.0009638480260036307,0.001286410726606872,0.0010212031193078015,0.00421348214149482,0.0019011143594979925,0.00242815352976318,0.0029188040643930643,0.0031773988157509803,0.0031968541443348373,0.0030635669827461035,0.002633133903145835,0.0022414699196815486,0.001594239845871894,0.0016774218529462365,0.0016742702573538555,0.0017278660088777336,0.0018121907487512038,0.004605636000633212,0.0012754634954034426,0.0012969560921191733,0.0037877149879932135,0.0025561377406120088,0.0037220865488052438,0.0012286221608518615,0.0007307120831683058,0.002065697684884096,0.0039238948374986605,0.002802637405693541,0.002043407876044576,0.00196085358038542,0.0009518545120954443,0.001950353384017961,0.0025653261691331915,0.0017091929912567106,0.002510949969291673,0.0022068480029703123,0.0024800635874270664,0.0017860066145659517,0.0037640556693076467,0.00286281481385231,0.0020335000008345,0.0014586746692657904,0.0009013558737933383,0.0012956234859302141,0.0016080187633633464,0.002449238672852575,0.0024216026067732928,0.003094417974352764,0.005110137164592771,0.0017055310308932738,0.005684703588485718,0.0018819961696863296,0.0015549836680292964,0.0022523850202560572,0.003083463758230272,0.0043976306915282926,0.002198461443185834,0.003658644855022451,0.0036206506192684243,0.004071883857250228,0.00326660275459284,0.0038238018751144283,0.004399426281452276,0.002615768462419593,0.00468471646308906,0.0013869777321816462,0.003433279693126685,0.0012445850297808508,0.0015796283259987935,0.0012758625671266991,0.002327688038349173,0.0025382433086634146,0.003114718943834325,0.0036205500364303797,0.001844219397753388,0.002075943164527475,0.00217837095260608,0.0036408044397829922,0.0016025337390601331,0.001311427447944956,0.0013726362958550852,0.0015776734799146824,0.0016881488263606644,0.0055910050868987465,0.0014303168281912665,0.002454986795783071,0.0035205185413361008,0.0035509765148162217,0.003286469727754572,0.0029014535248280023,0.002530871191993372,0.004282340407371535,0.001997767016291627,0.002354767173528692,0.0027893409132958053,0.0032354891300201,0.0019937213510274267,0.0021724309772252924,0.002310827374458313,0.002430640161037445,0.002609127201139925,0.0012257220223546325,0.0012031821534037696,0.0011766534298658649,0.001096536871045795,0.0020644310861825488,0.00214587897062302,0.0020485081477091198,0.002003311179578246,0.0012561231851577672,0.0030478574335575377,0.0020594028756023113,0.002533969935029768,0.002700611948966855,0.002415556460618952,0.002600006759166752,0.002038503065705242,0.0009801350533961732,0.0022333371452986552,0.00044063525274399325,0.0005851117894053668,0.001620278693735505,0.002473178319633039,0.0020698085427284726,0.0027378723025322377,0.002416870556771731,0.0020577544346451187,0.002946589142084129,0.0028850063681603137,0.003567248582839883,0.0010571700986474737,0.0020323451608419,0.004153147339820876,0.003330908715724966,0.004536457359790844,0.0015131786931306965,0.0011743917129933875,0.001402251888066545,0.001754004857502934,0.0021366076543927297,0.002552136778831441,0.003793723881244645,0.0019940268248319556,0.0014508664608001588,0.001152290031313846,0.001559379044920279,0.001811112277209796,0.0019639795646071148,0.005269527435302707,0.0030807778239250183,0.002882245928049067,0.004822082817554446,0.004825424402952193,0.00456542894244192,0.0029589273035526,0.004962891340255765,0.004628494381904672,0.002247986383736111,0.002130215871147869,0.0021571563556789888,0.0018633026629685558,0.002185463905334452,6.0,1
0.0030549392104148865,0.003146827220916734,0.002414274960756309,0.0028996504843235016,0.003282934427261394,0.003101490437984577,0.0022250004112720004,0.002361137419938899,0.0012639164924622135,0.0017690155655145645,0.003695991821587079,0.003028068691492116,0.002685286104679143,0.0023827794939279244,0.0015404950827360053,0.0019590724259614875,0.002340074628591548,0.0023981370031832816,0.001948726363480105,0.002818785607814733,0.002631098031997653,0.0035023614764212872,0.0022534872405231853,0.002384582534432377,0.002344310283660998,0.0020525492727756288,0.0020192386582493717,0.0019108267151750106,0.0017683778423815773,0.001965176314115437,0.0020924713462591397,0.0020585637539625515,0.0007559626828878905,0.002197328954934987,0.002906315028667561,0.0018509030342101845,0.001985664479434449,0.0031021535396576136,0.0025572404265403817,0.0025668684393167843,0.0020012464374303987,0.0022366493940353185,0.00170315057039264,0.0006708804139633615,0.003145918250083965,0.003297477960586561,0.0023368978872894755,0.001931601203978032,0.002326410263776717,0.0021973811089992593,0.002502367831766564,0.0031457394361495412,0.0024522850289940283,0.002408966334769484,0.00356151536107064,0.0017203819006681267,0.001679471228271575,0.0010902443900703508,0.003427401185035733,0.0022821873426437803,0.002383563667535796,0.0008853214094414805,0.000639986246824294,0.002741280477493874,0.0022083315998315846,0.0023141261190176496,0.002598848193884007,0.003947256132960371,0.0031719673424959014,0.0031710928305983977,0.002630772069096485,0.0029424615204333843,0.002870056778192472,0.002450566738843911,0.001906955614686016,0.002274384722113516,0.0007725227915216168,0.0009326944127679512,0.0006326974835247193,0.002681635320186636,0.0015728808939457078,0.002004273235797889,0.002295155078172597,0.0019719619303941935,0.0024053435772657464,0.0022050943225622177,0.0017229169607162025,0.0013577044010161935,0.0008311970159411398,0.0010646879673004012,0.0013726092875003743,0.0015085842460394253,0.0020361375063658147,0.0038483291864394586,0.002575859427452073,0.0005766451358795019,0.0007764501497149294,0.002325154840946225,0.002119543030858026,0.002404231578111635,0.0018030819483103304,0.002081646583974332,0.002082530409097685,0.003785390406847017,0.00327666942030189,0.0028440733440220608,0.0010568914003670276,0.002183958888053905,0.0028805583715439892,0.003918472677469212,0.0022680433467029896,0.002181295305490584,0.001931314356625068,0.0018695462495088024,0.002003078348934567,0.002737514674663481,0.0023024976253509877,0.002285670489072817,0.002139436081051813,0.0019238488748669414,0.001906047051306848,0.0018640838097780657,0.0022596195340156104,0.0025823749601840834,0.002069888636469886,0.002895563840866103,0.0019725169986486712,0.00386080145835882,0.001873146742582311,0.0019052810966968586,0.002023361623287236,0.0025704205036162983,0.0036505311727523812,0.0018573896959423344,0.0029254406690597877,0.001759655773639679,0.002232491970062145,0.0027530416846274497,0.002207547426223727,0.002917826175689656,0.0006623947992921066,0.002628963440656655,0.0018109977245331192,0.002169042825698901,0.002630687318742362,0.0024838848039507237,0.0010416987352073787,0.002720270305871915,0.0007803030312062213,0.0011331699788571098,0.0015556029975414346,0.0026284102350472988,0.0008514998480677398,0.002323704771697536,0.002059062942862398,0.0018940409645438368,0.002398874610662398,0.001894162967801029,0.001931863604113384,0.002060673665255329,0.0021968982182442795,0.002271742559969375,0.003719173371791812,0.002514426596462784,0.002519715577363954,0.0022237598896027127,0.0023655667901039327,0.002469372004270581,0.0016301553696393828,0.0012153163552284865,0.0008587893098593348,0.0006667424459011044,0.002974450588226429,0.0018657762557268871,0.002476904541254057,0.0007157688960433457,0.0008627437055110689,0.002680070698261205,0.0011430364102125064,0.0014502685517072506,0.0018217321485280887,0.002065174281597179,0.0016798134893179096,0.0012080585584044545,0.0013917870819568287,0.0014929762110114009,0.0016863946802914732,0.0027272142469882627,0.002108259126544075,0.001761667197570212,0.0017658541910350808,0.0012003956362604887,0.0024308152496814108,0.0018299315124749613,0.000848780851811174,0.002860009670257561,0.0026404559612274725,0.0026246644556521745,0.002362955361604697,0.0008667027577757678,0.00124175008386369,0.001182631589472341,0.0007494464516640126,0.0019219256937503626,0.0005146947223691818,0.002357975579798198,0.002018095459789011,0.0025880979374051072,0.0008938554674387133,0.0020649731159210725,0.00119260139763357,0.0004997812211513259,0.0017428360879420974,0.002650525420904153,0.002043362706899608,0.002637892961502061,0.002167844038922364,0.002225352451205313,0.002751290798187249,0.002410467714071239,0.003084741532802568,0.0017648234497754996,0.0019205887801945149,0.0020013307221233992,0.0020579989068209947,0.0019774697721004608,0.001836087554693156,0.0028280690312385967,0.0021126866340636084,0.0020822705700993373,0.0020841858349741546,0.002054775599390117,0.0018772254697979093,0.0018600923940539293,0.003885373473167503,0.0022513568401337086,0.002713862806558623,0.0030810832977294783,0.002862989902496317,0.0028801225125789434,0.002169951796531587,0.0028859004378318518,0.002652384340763127,0.0017741052433848691,0.0017971971537917594,0.0018365541473030003,0.0022019576281309336,0.002077912911772721,0.0026607885956763467,0.0009125638753175666,0.0023538693785666864,0.004266038537025507,0.0008201878517866142,0.0006404109299183732,0.0005597220733762169,0.0010273344814778172,0.0008683968335389761,0.0011795542086474055,0.0010375312267568726,0.0012846337631343757,0.001394870691001351,0.0012692678719758259,0.0009254368487744988,0.0011147409677504973,0.003185205161571475,0.002003476023674018,0.0005571860820055651,0.0030715800821781505,0.0025677457451820512,0.002654755488038077,0.0017761401832104356,0.002215020358562459,0.0015968997031449682,0.00048633909318593945,0.0030038580298424322,0.003108285367488792,0.0018276209011673574,0.001061256974935457,0.001769457012414995,0.0016714893281459878,0.0007440829649567328,0.0029347836971282265,0.0014251340180636164,0.0015956156421452386,0.0041862092912196775,0.001146603375673367,0.0009494009427726321,0.0005974425002932514,0.003937631845474243,0.0018409304320812989,0.0020643137395381927,0.0003754370845854322,0.0005348348058760191,0.001965614967048168,0.0016172993928193454,0.0012329351156949724,0.0014838967472315565,0.0035600876435638467,0.0031046383082866114,0.0024309689179062128,0.00239087268710142,0.0033033303916454385,0.002896130084991469,0.0024704877287149217,0.0016585364937782804,0.0018862597644329106,0.0004081312945345746,0.000620012171566495,0.0005526626482605908,0.0023023448884487013,0.0015584407374263224,0.001955879852175664,0.002361845225095728,0.0023804912343620447,0.0025842562317848657,0.002338327467441597,0.0018270388245582336,0.0013723857700824874,0.00038532447069887336,0.0007285457104444122,0.0013060197234153227,0.00166704505681994,0.0013315230607986173,0.004242971539497348,0.0005752951838076479,0.000539686530828528,0.0020899176597595076,0.0015095416456460328,0.0020949691534042844,0.0007809596136212956,0.0003168875118717178,0.0014363937079906984,0.0040041059255599976,0.002850971184670934,0.0018445528112352727,0.001385854557156607,0.0015734396874904461,0.002440175041556348,0.003536783158779082,0.0008071772754192802,0.001623559743166067,0.0010055275633931663,0.0015414729714393859,0.0013396674767136227,0.0022468566894531467,0.0020663402974606046,0.0011790562421083069,0.0007351972162723524,0.0003617117181420179,0.000685431994497804,0.0009149506222457367,0.0019786879420280977,0.0018950402736662847,0.00210593640804278,0.0027883276343345365,0.0013429652899503296,0.0040839314460754395,0.0011563654989004135,0.001187304034829145,0.0012714564800263286,0.002093400806188625,0.0041813552379609,0.0009359028190374947,0.002574212849140084,0.0018570274114609177,0.0026128664612769525,0.0030050724744796337,0.0025753304362296364,0.003301382064819447,0.0007806466892361866,0.002520650625228896,0.0010123513638972976,0.002412259578704785,0.0007115621119736966,0.0007539531216025665,0.0007365122437477077,0.0020136982202530324,0.0009299702942371784,0.0011923909187316825,0.0017398558557033608,0.0008026245050132509,0.0008723316714168115,0.0008821981027721318,0.002623897045850712,0.0007131854072213433,0.0008008731529117758,0.0009128171950579141,0.0011064866557717221,0.0011452864855526876,0.0041481778025627145,0.0007362561300396223,0.0014413837343454847,0.0019409246742725368,0.0023039914667605447,0.0013240538537502358,0.0008578933775425028,0.0009136328008025773,0.00340408086776732,0.0008072983473539769,0.001987420022487668,0.0008688736706972296,0.003047153353691073,0.000965425744652755,0.0013231001794338675,0.001778958365321135,0.0023706555366516677,0.0021288078278303307,0.0010961964726448076,0.0010546026751399006,0.0011062882840633065,0.0011016097851097553,0.0013606548309325651,0.00163828954100613,0.0009876099647954677,0.0008237995207309506,0.0011047841981052693,0.0018364489078521867,0.001345833763480254,0.0013515395112335907,0.0023707933723926553,0.001883689314126906,0.0014677811414003392,0.0004116427153349287,0.0007307138293982178,0.0008811983279884113,0.0006896671839058838,0.0009712353348732436,0.0007268544286488845,0.0011566793546081353,0.0015143118798732619,0.0008455831557512249,0.0005227653309702613,0.000680326484143675,0.00221361219882963,0.001255707815289539,0.002977237105369554,0.0009502335451543699,0.001662058755755473,0.002343986183404881,0.0018704980611800595,0.0027030706405639787,0.0009068360086530742,0.0010005985386670347,0.0011787724215537607,0.0013327449560165744,0.0014284458011389405,0.0015264190733432492,0.003027372062206352,0.0010119080543518411,0.0006637191399931613,0.0004117130301892228,0.0007469723932445293,0.0008595152758062324,0.0009955260902643165,0.004192769527435247,0.0017293952405452245,0.002292722463607733,0.002756103873252827,0.00256416574120525,0.002559870481491075,0.0017085541039704446,0.0026742890477180342,0.002422772347927142,0.0009782724082469923,0.0010996556375175704,0.001326803117990475,0.001170903444290123,0.0013445485383272275,6.0,1
0.002254303544759681,0.0014968067407608032,0.0013775937259197235,0.0016621872782707145,0.0017386302351951738,0.00181365758180628,0.0013880878686905536,0.0025480631738900627,0.0014308393001556707,0.0018357001245022653,0.0021011158823966967,0.0022185370326042453,0.0021406933665275504,0.0020917151123284877,0.0023604147136211807,0.0023538898676633904,0.002358179539442066,0.002303706482052796,0.002277530729770619,0.0013788118958473485,0.0010156333446502824,0.005467489361762961,0.002167312894016621,0.002367142122238955,0.002476283349096893,0.002477001398801859,0.0017959675751626086,0.0030765855335629705,0.002727878920268245,0.003168107010424073,0.003172098658978989,0.002554768696427397,0.0016693102661519822,0.0027458518743514607,0.0045136809349060475,0.003354281187057516,0.0012327870354056445,0.002147935330867802,0.0020793527364730766,0.0018129833042621086,0.0013734102249145926,0.0017749313265085394,0.0014220941811800072,0.00048140344733831747,0.0013777390122414466,0.00165595114231111,0.0036021238192914967,0.0014196606352924867,0.000904109328985242,0.0009517557919024867,0.0016287197358906705,0.0017245933413504724,0.0033277673646806144,0.003436916682403505,0.0052581988275051394,0.002172948792576724,0.0022645841818303056,0.0006099599413574015,0.003291256725788075,0.0006688162684440058,0.000911578536033658,0.0011292377021163552,0.001184636959806088,0.003759810701012564,0.0007219612598419259,0.0030725039541720928,0.0032188724726438696,0.004045899258926488,0.004493871703743907,0.0034079672768711697,0.00400595925748342,0.004718951880931807,0.0021116361021995197,0.0018048416823148554,0.001425627619028015,0.0006499215960502451,0.0011775118764490126,0.0010201511904597404,0.0011197838466614981,0.0009362474083899967,0.0014716507866978767,0.0017465949058532856,0.0020401421934365532,0.0019407179206609657,0.0020868070423603093,0.0021565910428762197,0.0022339932620524805,0.0022238530218600845,0.0014374889433383855,0.0014575440436601255,0.00134883262217049,0.0011769961565732815,0.0011492874473333116,0.004211068153381292,0.0013621374964714467,0.0010966672562062133,0.0011120876297354195,0.0011074654757976534,0.0006685610860586688,0.001022674143314431,0.0014961357228459276,0.00161537178792059,0.0008231960237026802,0.004841206595301507,0.0040909354574978005,0.003679961431771452,0.0008434201590716171,0.002445973455905831,0.0025430899113416915,0.0031366366893053003,0.0024522561579943137,0.002777490764856345,0.0016354387626051614,0.0032071266323326977,0.0013829525560139866,0.0010889992117881914,0.003207370638847351,0.002344809472560824,0.0022207582369446147,0.0018660775385797128,0.0016850112297106849,0.0015273734461516086,0.001332255080342324,0.002528283745050486,0.003691975027322811,0.0012576207518577296,0.0012326296418905187,0.005205139517784146,0.0014491742476820347,0.0007627001032232961,0.002819389104843091,0.001118585467338569,0.0036032944917678282,0.0016509955748915776,0.0014624856412411634,0.0017266497015953276,0.0027598440647124273,0.00342909991741186,0.0019152760505675992,0.004697486758232214,0.0018114065751433461,0.001254562288522755,0.001207625493407213,0.0038164444267750064,0.002674492076039252,0.0025315899401903447,0.0008224253542721192,0.002096805721521405,0.0025412123650312805,0.0021869242191315946,0.002467520534992232,0.0016349591314792598,0.0031494665890931628,0.002270110882818699,0.0019368417561053093,0.0017370581626891465,0.004103783518075915,0.002170496620237873,0.002689514774829146,0.00294497935101392,0.0030876193195582768,0.002999928779900132,0.005458734929561809,0.002620738931000223,0.0016885176301002225,0.0009630154818296537,0.0007261410355568558,0.0014744885265827595,0.0009372830390930348,0.0017854496836662227,0.0017150640487671176,0.0024315541377291864,0.0030375123023986955,0.0016754716634750332,0.001355454325675992,0.003113619517535039,0.001871230080723707,0.002894133329391493,0.0018925126641988442,0.0018982086330652,0.0017143785953521171,0.0015836488455534296,0.0013492899015546036,0.0012320717796682787,0.001295045949518724,0.0012702383100986914,0.0011039916425942887,0.0012369323521851526,0.0012589115649462475,0.0014152100193315404,0.0016266256570815773,0.0012087840586900447,0.0011501424014568676,0.0011173728853464263,0.0013134430628269824,0.0017258487641812273,0.0015218146145344474,0.0016281269490718425,0.001141071319580085,0.002904044464230497,0.002615002915263117,0.0022078044712543713,0.0004130480810999992,0.0008017821237446317,0.0009082658216356342,0.0011113798245789071,0.0008538514375686906,0.0007243556901812977,0.002257216721773095,0.001045227050781198,0.0010504014790058693,0.0012537166476249886,0.00015639886260041848,0.0018053129315376208,0.0006270874291658401,0.002335205674171531,0.0007040125783533272,0.0012815259397030154,0.0009729526937008668,0.0007649585604668287,0.0013444200158118508,0.002193957800045598,0.002814556006342073,0.0030613713897764665,0.003173570556100405,0.0032082460820674324,0.0030093379318714424,0.0040274560451508115,0.002349095419049325,0.0022631315514446085,0.002058596815913998,0.0019153647590426886,0.0016326485201716102,0.0015253599267452947,0.004759728908538791,0.0007291249930858472,0.0014344044029712124,0.0012172311544418335,0.0010143965482712206,0.00102835521101953,0.0006754882633685545,0.0011514425277710238,0.0011292286217212193,0.001477321609854719,0.0013981747615616064,0.0012474479153751876,0.0028224308043718945,0.0030430406332016754,0.0016638003289699069,0.0009947903454303637,0.00140423700213424,0.0007850378751753928,0.0009908364154399317,0.0010471986606717422,0.001069078221917156,0.0009281635284423168,0.0008383146487176272,0.00105730994255277,0.0010323731621610381,0.0008068415336310716,0.0006851293146610348,0.0010585822165012707,0.002346174325793935,0.000895747914910327,0.0013287439942360065,0.0007706470787525108,0.0014531407505274706,0.002455413341522245,0.002281611785292667,0.0027140174061059986,0.0027922671288252232,0.002548007294535633,0.002606712281703942,0.0019771908409893023,0.0015427246689795893,0.0017604008316993575,0.0006238268688321651,0.0007755141705274755,0.0015365369617938232,0.0014581345021724426,0.0017100311815738158,0.0017556399106978956,0.0014076437801122804,0.0008266005897894964,0.0010493434965611061,0.0017714314162731238,0.0008152727968991115,0.0024851695634424647,0.004349529743194608,0.0013242699205875813,0.0014531761407852242,0.0026977355591952324,0.002577372826635792,0.0008968506008385762,0.0014716759324073796,0.0019092038273810547,0.002084665000438704,0.0018379748798907595,0.0010300911962984882,0.0018579522147774503,0.0006612911820411509,0.0006250366568564952,0.002356361597776406,0.002632707357406606,0.0026772003620863273,0.0013712644577026473,0.0026397023320895593,0.0022769011557102732,0.002508343313820617,0.0013976618647574685,0.0026223761960864327,0.0024999249726533447,0.002307578921318041,0.0020692124962807326,0.0021969713270664467,0.002303319051861836,0.002330644056200985,0.002338744699954986,0.0022608973085880505,0.0022511677816510808,0.0021052826195955728,0.0019506933167577087,0.0021435134112835035,0.0035296380519866397,0.0022267051972448496,0.0023101773113012,0.001620054244995131,0.0014889016747474046,0.0015361309051513533,0.0010386244393885552,0.001459907332900942,0.0014314558357000314,0.0015659686177970332,0.0014956416562199035,0.0016037272289396401,0.001740849576890394,0.002068996429443356,0.0017860699445009477,0.0019471552222967235,0.00102698244154446,0.00116799771785734,0.0008338894695044398,0.0007405560463666362,0.000936404801905032,0.001551244407892248,0.0011336468160151256,0.001415964215993902,0.0014567459002137028,0.0011756909079849414,0.0008287242380902947,0.0007596337236464336,0.001287862658500602,0.001434132456779473,0.0006289482116699116,0.0014326572418213168,0.0009371675550937514,0.0021492689847946718,0.0008472166955471223,0.001372599042952014,0.0008540805429220098,0.0014642253518104068,0.0040295869112015326,0.0008589979261159357,0.001471512019634212,0.0024985447525978435,0.003457173705101,0.002275280654430334,0.002951428294181782,0.0009998157620429576,0.0028874883428215642,0.0013901777565478793,0.0011286623775958859,0.000971425324678428,0.0012170495465397453,0.0012637544423342287,0.002180252689868262,0.0017793700098991114,0.003335959278047104,0.003392100334167445,0.003427963703870697,0.001112453173846008,0.0009003914892673232,0.0008713807910679869,0.0008435323834419388,0.0005907448939978582,0.0008380590006709879,0.0009062192402780039,0.000746812671422941,0.0007329750806093875,0.0012465268373490074,0.0011273156851529798,0.0019370373338461055,0.0013330020010470858,0.0019753873348235668,0.0028007738292217463,0.0029128883033990964,0.003111537545919474,0.00403294712305069,0.0006662579253315665,0.0013493299484252095,0.00326271727681162,0.0028076171875,0.002232685685157765,0.0022114701569080873,0.0020091440528631557,0.0018442012369632066,0.001735290512442568,0.002647886052727682,0.002657307311892544,0.0027340790256858,0.002424346748739525,0.001879746094346081,0.001129101961851231,0.0007348480867222671,0.0006687571294605819,0.0026675807312130807,0.0019428394734859887,0.0008518211543559629,0.001991593395359843,0.0015941858291626536,0.00112159550189974,0.002409120090305829,0.0019402354955673066,0.0014814864844083055,0.001808185363188316,0.001740159932523884,0.001670403871685276,0.0018683783710002413,0.0027202470228076033,0.001145955175161372,0.002134386450052244,0.002286911010742203,0.002104311250150195,0.002135381102561888,0.0019400957971811642,0.0031680464744568287,0.002109899476636143,0.0010249894112349146,0.001435972750186934,0.0014709979295729964,0.0016152933239937106,0.0011771754361688575,0.001345362514257496,0.0010946267284452351,0.0007557626813649854,0.0006592003628610992,0.0008161328732968001,0.001747004687786144,0.0011263042688369578,0.0011116899549961784,0.0009640669450164924,0.0007961392402649628,0.0007358840666712008,0.0007253759540617617,0.00289389491081235,0.0014167129993438027,0.0014072619378566395,0.0015114694833755632,0.0014025643467902788,0.0013744570314884533,0.001457957550883248,0.0014375895261764665,0.0014231577515602042,0.0008545164018869261,0.0007844801293685368,0.0008550314232707301,0.0007285065948963512,0.0006786976009606932,6.0,1
0.0010144412517547816,0.0018744170665740687,0.0014989674091338348,0.0013507343828677509,0.001681923866271931,0.0014194250106811662,0.001786191016435755,0.001866901293396811,0.0023554954677820865,0.002676026895642301,0.002756608650088435,0.0010209642350673467,0.001041401177644681,0.0010354667901992902,0.001107942312955884,0.0012023597955702972,0.001318031921982727,0.0014918316155671974,0.0016828086227178506,0.0018348470330238624,0.0016195401549339086,0.003702238202095115,0.001717219594865984,0.0016962662339211046,0.0016360459849238881,0.0017823595553635926,0.001736473757773532,0.002338942140340929,0.002232794766314318,0.00234555918723346,0.0022176140919327094,0.0018447842448949747,0.0013381869066506047,0.0019042175263167226,0.0035693868994712686,0.002323940396308885,0.0012700688093900438,0.0009964555501938144,0.0009829476475715498,0.001063225790858293,0.0011167228221892825,0.0008979011327028276,0.0009504538029432748,0.0010877826425712478,0.0018472746014595726,0.0017583817243576605,0.002444326877593975,0.0010906998068093508,0.0016106255352497036,0.0014515630900859625,0.0017494144849479042,0.001571998000145014,0.003044354729354316,0.002878365834476191,0.0030693300068377963,0.002708429470658285,0.0020465266425162294,0.0012708269059658831,0.0032046139240266003,0.0014959536492824485,0.0013797692954540394,0.001204041996970701,0.0010605794377624893,0.0028170943260193,0.001459300518035861,0.0029983446002006045,0.003107072785496788,0.002659207442775298,0.0023661404848096808,0.002950609661638711,0.0022087283432483985,0.0027691610157489985,0.0010066032409668108,0.0010118223726749524,0.001070046797394794,0.0014392472803592855,0.0011417391360736974,0.0011037560179830222,0.0009957971051336217,0.0018017143011092647,0.0008508525788783213,0.0008015688508748349,0.0009543336927890188,0.0015733977779745349,0.0013987105339765618,0.0012139603495597664,0.0010791458189486935,0.0010322537273168599,0.0010511716827750085,0.0010633561760187043,0.0010978765785693255,0.001121494919061666,0.0013373661786318242,0.0038767158985138217,0.001696214079856942,0.0010697799734770749,0.0010911710560321582,0.0013501942157744461,0.00126726925373076,0.0013789050281048725,0.0011293683201075446,0.0013067410327494225,0.0013551712036132676,0.002356527373194698,0.0026622847653925115,0.003091165330261021,0.001064958050847133,0.0030108392238616943,0.0029365960508585184,0.0027819070965052,0.001673351041972665,0.002305909991264309,0.0018106698989867461,0.0019332058727741137,0.0012997873127460536,0.0017154030501842985,0.002844944596290657,0.0020383652299642108,0.0015415744856000794,0.0012698327191174314,0.0011747852258851106,0.0012940829619765828,0.0018198974430561762,0.002719942480325685,0.0019728969782590827,0.0017897412180900574,0.001101689413189822,0.004178687930107145,0.0015055146068335009,0.0012023551389575438,0.0018584392964840805,0.0015022046864033025,0.003504082560539273,0.0019740117713809,0.0015462525188923233,0.002027913928031873,0.0022478997707366666,0.003353208303451469,0.0024742409586906017,0.0032736361026765165,0.0014896346256136409,0.001733686774969108,0.0011159051209687976,0.00280672684311873,0.001852920278906751,0.0019305823370815147,0.0011703399941325188,0.002641852945089396,0.0019149323925375414,0.001611411571502741,0.001715753227472236,0.0027689188718796397,0.002265063114464241,0.0019158697687088608,0.0019065905362367485,0.0019382489845155481,0.0024428293108939986,0.0020513846538961133,0.002020618645474297,0.0020992821082472463,0.0020441683009267027,0.0019593387842179663,0.004015676677227159,0.0018342696130275921,0.0012940205633639734,0.0012969542294741232,0.001618236303329558,0.001213423907756854,0.0020411331206561427,0.0015855059027670706,0.0012555960565804845,0.0018688185373321293,0.00276425480842582,0.0020456667989492746,0.0013560689985752385,0.0022165128029883628,0.0015665125101804768,0.0031339153647423623,0.0009759720414877596,0.0009935516864061633,0.001077488064765899,0.0011657997965812195,0.0012409845367073648,0.0010507628321647245,0.0011283485218882975,0.0011949259787798015,0.0013748104684055693,0.002039548009633949,0.0015750024467707474,0.0020380081259645127,0.002021054271608598,0.0009578745812177086,0.0021744780242442603,0.002087460830807753,0.0012796663213520544,0.0012478083372117268,0.0015434212982654918,0.0015184134244919448,0.001257821917533819,0.002061802893876974,0.0018126023933290774,0.0016182791441678589,0.0011225910857319726,0.0012307409197091696,0.001003330340609101,0.0013653344940394332,0.0012891562655567767,0.0015274416655302585,0.0017068926244973495,0.0011846944689750533,0.0013780742883682182,0.0009978786110876657,0.001317009329795782,0.00253893807530408,0.0016874931752682044,0.002938263118267045,0.0013151864986867474,0.0011659059673546912,0.0018170401453972349,0.001619346439838472,0.0017679557204246246,0.0023426990956068533,0.002531929407268776,0.0026640067808329877,0.002585927955806191,0.0023985384032130658,0.0018181130290031398,0.003501974046230316,0.0016404185444115866,0.0014349259436130628,0.0013433326967060221,0.001434064703062093,0.0015050505753606222,0.0015824458096176464,0.004108175635337857,0.0015112422406674125,0.0013554617762565682,0.001910626888275188,0.0017297640442847512,0.0017936863005161632,0.00133815780282023,0.0018030032515526234,0.0016910657286643494,0.0018924288451672745,0.001762078114552379,0.0017222296446562473,0.001932466402649791,0.0019922051578760078,0.001134242862463053,0.002245269715785987,0.0015199296176433214,0.002469763159751948,0.001831784378737232,0.0020832461304963576,0.0021560583263637006,0.0021368470042943642,0.0015993299894034186,0.001837822550441959,0.0015608231842633804,0.001957525033503744,0.002025841735303324,0.002227514982223587,0.002473913831636293,0.002163190394639941,0.0023463889956474304,0.002285819500684655,0.0013739662244917124,0.0009765513241290633,0.0010621678084135194,0.0009289961308240924,0.00090340711176402,0.0010001827031373492,0.0009787902235985151,0.001493593328632334,0.0018510520458221442,0.001690089702606215,0.0023188749328255914,0.0012638345360756946,0.0012056156992911735,0.0010464601218699923,0.0020210342481731987,0.0013761743903160512,0.002111278474330897,0.0022736401297151704,0.002549078315496389,0.002032354474067612,0.0013884347863494515,0.0014168471097946284,0.003838628530502319,0.0011774003505706718,0.0011527836322784285,0.0013383349869399846,0.001204008003696824,0.0023142425343394696,0.0010581687092781726,0.0018900427967309746,0.0019594747573137804,0.002175945322960675,0.002438843250274707,0.002163216471672046,0.0024434719234704373,0.0024222172796726717,0.0010336861014366774,0.0009682178497314212,0.000955209136009206,0.0011188182979822124,0.0012432206422089654,0.0011593345552683171,0.0011983258882537614,0.0016257390379905074,0.0010373676195740318,0.0009758155792950892,0.0010681487619877417,0.0018392633646726626,0.0015706829726696017,0.0014574918895959993,0.0012807697057724346,0.0011831019073725124,0.0010187197476624905,0.0011152373626828556,0.0012200865894556358,0.0013487637042999198,0.0011026039719581947,0.0032644718885421753,0.0010528946295380323,0.0010804757475852324,0.001304011791944483,0.0009354073554277213,0.0012190155684947135,0.0014403560198844134,0.0017626963672228452,0.0009547248482704061,0.002362690865993434,0.0022730175405741193,0.0021406444720923432,0.0016657207161187855,0.00233026407659058,0.002598615363240297,0.002627070061862498,0.002186260186135816,0.002381727099418668,0.001471376977860853,0.002195658162236189,0.0012663854286075107,0.0014638565480708733,0.0024213604629039626,0.002338550984859443,0.002168071456253616,0.001835548784583775,0.0015742913819849305,0.0013504584785550742,0.0015693642199039045,0.0022706538438797344,0.0022935774177313024,0.0017909705638886192,0.0011079888790845906,0.0029543042182922363,0.0012803836725652409,0.0008493680506944277,0.0021568443626165494,0.0012331940233708124,0.0035071223974228183,0.0014355843886732686,0.001344956457614975,0.002909217029809973,0.003665886819362668,0.002670623362064445,0.003047697246074621,0.0023729726672172824,0.002688870765268796,0.0016474276781082015,0.0011272607371211642,0.0023160204291344244,0.002297809347510296,0.002221456263214374,0.0013001575134694915,0.002095054835081052,0.0026206281036138877,0.0031908489763736447,0.003406070172786664,0.001951212063431753,0.0017024865373968853,0.0015421509742736036,0.002372100949287421,0.0015268833376467445,0.001629019621759687,0.001765490043908353,0.00194581225514408,0.0020645009353756822,0.002473868429660783,0.002302836626768112,0.0010438356548547814,0.001312222331762293,0.001192964613437708,0.0027980543673038344,0.0026860013604164787,0.0026090973988175496,0.0037995278835297455,0.0014567831531166991,0.0012112781405449193,0.0028590168803930803,0.0027125626802445013,0.0011565722525119506,0.001213504001498264,0.0014109313488006624,0.0015615504235029325,0.0018091928213835144,0.0010954225435852796,0.001069860532879864,0.001071213744580822,0.0012081135064363694,0.0017437431961298544,0.0013181604444980725,0.0015052689705044998,0.0013395017012954539,0.001160410232842031,0.002196919173002292,0.001758124679326933,0.002137614763341861,0.0013712532818317275,0.0010497383773325694,0.0020946804434061033,0.0017576972022652385,0.0009585702791809947,0.0019950058776885453,0.001602880889549847,0.001222410239279343,0.001537461765110432,0.00240932404994958,0.0009447820484637519,0.0021836943924426547,0.002324201166629777,0.0016400581225752713,0.0022675432264804424,0.0019443705677986145,0.00305975973606111,0.001331824518274478,0.0011897217482328033,0.0015847235918044489,0.0012795552611350874,0.0016032159328461942,0.001557655632495992,0.0016534361056983204,0.001960747642442597,0.0021344847045839297,0.0021855998784303804,0.0021983645856381226,0.002488397061824854,0.0022191014140844627,0.0021206475794314974,0.001941331196576383,0.001671509817242592,0.0014355876483022965,0.0013352539390325965,0.003132909536361777,0.0011028312146663527,0.00116324797272694,0.001767188310623155,0.0016417205333709509,0.0017014592885971278,0.000996099784970273,0.0017140582203864776,0.0015785470604896756,0.001335827633738549,0.0012550111860036247,0.001278300769627129,0.0021124687045813093,0.0021016020327806017,6.0,1
0.002751797437667791,0.00478199869394301,0.003263108432292932,0.002426251769065933,0.00446782261133194,0.003450281918048817,0.0014156438410282829,0.003461964428424853,0.0013521313667296288,0.0016467068344354664,0.0044365432113409094,0.0029827021062374393,0.0033794529736042023,0.003703791648149414,0.004162399098277128,0.00466064177453526,0.005140723660588289,0.005242392420768807,0.004324285313487093,0.00457769632339472,0.003862027078867021,0.005455277860164587,0.002878550440072955,0.003120438195765039,0.0032830219715833144,0.003414761275053084,0.002707723528146697,0.002461695868987479,0.002458819246385199,0.002628384856507159,0.002900704741478015,0.0033411011099815195,0.0027826093137264065,0.003486996516585298,0.0036456286907197016,0.003113683313131159,0.002075066789984764,0.002451535314321525,0.0033158473670482913,0.002764226868748613,0.003056017681956222,0.0033024009317159965,0.0033618286252022275,0.003948564524762374,0.004818610846996335,0.004431292414665264,0.003230464644730107,0.0021077953279018853,0.002984937280416468,0.0025591328740120073,0.002722100354731157,0.0034772455692291537,0.0037371171638369695,0.00366881894296974,0.00513352453708657,0.0023875143378973077,0.0024870585184544594,0.003373531391844152,0.0023617818951606607,0.003089599311351769,0.002846892923116712,0.003761149942874841,0.00376119255088264,0.0034241206012666802,0.00235603377223011,0.003231696784496394,0.003057029098272307,0.004993306938558754,0.003963690251111984,0.003801898565143296,0.0027866121381519807,0.0037845186889172155,0.0028748176991939337,0.003031590953469311,0.0032113883644342557,0.0026078708469867845,0.003818522789515571,0.004262532107532096,0.003548551583662654,0.00416862219572061,0.0033409167081116953,0.003475673496723175,0.003450699150562359,0.004579595290124458,0.005609935149550493,0.005303602665662797,0.004599137231707594,0.0041639637202023965,0.003984387032687619,0.004260592162609118,0.004774548113346065,0.004978762939572319,0.0021443534642457576,0.003609344363212502,0.004060138016939115,0.0037732319906353937,0.00408256053924559,0.002917926758527777,0.001907270401716239,0.002872444689273765,0.0023147729225456515,0.0026572438655421485,0.002176970243453945,0.005058089271187821,0.003906982019543728,0.003512283321470009,0.004133760929107731,0.002268804237246479,0.003647288307547597,0.004764969460666153,0.003373779356479617,0.003320991992950321,0.0025808485224843216,0.002982549369335199,0.0019126860424876421,0.003797486424446162,0.003235630691051511,0.0033022612333297487,0.0031468896195292373,0.0028659868985413954,0.0025864909403026225,0.0023882258683443143,0.0016398224979638427,0.0030588433146475913,0.0028870590031146795,0.004546843469142914,0.001751815900206559,0.0052426159381865605,0.0022411653771995947,0.0016445312649011835,0.0033568982034919946,0.003197304904460817,0.0027051866054535745,0.002682767808437407,0.003429021686315516,0.002221949398517616,0.002715781331062414,0.0029899999499320845,0.0021966323256492754,0.0037487521767616,0.0026902006939053236,0.004069678485393531,0.0018876986578106672,0.0032114125788211684,0.003320096991956208,0.003199287690222155,0.004378038458526094,0.0025631040334702995,0.0028396444395185176,0.003120686858892448,0.0029982961714268425,0.003269055858254495,0.002441028133034736,0.003033929038792776,0.002881840802729197,0.002804465591907593,0.0029469802975655504,0.003128795418888317,0.0034348892513662663,0.003647650126367845,0.003655704669654212,0.00349980965256683,0.005627237260341547,0.003409535624086831,0.0026873685419559127,0.002045365050435108,0.003384012728929596,0.0024486258625984127,0.0016192384064197853,0.0024894662201404927,0.0026704873889683844,0.0027085426263511398,0.0025459825992584506,0.002886801026761493,0.0018524751067162395,0.0029094791971146297,0.0030587725341320385,0.002633102238178225,0.004001025110483159,0.004439583048224449,0.0051341224461793535,0.005408195778727528,0.004492048174142893,0.003369227051734914,0.003327977843582627,0.0032474882900715065,0.002479466609656764,0.0022271610796451465,0.0017668362706899886,0.0023826524848118108,0.002584714442491487,0.0032695941627025344,0.0020184069871903645,0.001949963159859118,0.0034421226009726863,0.002421874552965116,0.0017445944249629489,0.0014846511185168804,0.002264268696308136,0.00328343175351627,0.003774655982851982,0.003910313360393094,0.0033278604969383136,0.0019294964149594372,0.003444089088588845,0.0021171686239540733,0.002001145854592456,0.001960331574082372,0.0032559707760811338,0.0020983312278985734,0.002735307440161688,0.0027351034805179024,0.0030315369367599296,0.0021969005465507715,0.00239692442119124,0.0023221373558044017,0.002215617103502173,0.0018302854150534407,0.004173517227172839,0.0032684579491616197,0.004286736249923706,0.002190425642766121,0.002640767488628637,0.0029931433964521287,0.003152658697217689,0.0030407421290874464,0.003240797668695353,0.003219366073608245,0.003310155123472193,0.003259238786995333,0.0030581261962652154,0.002779039088636584,0.002531905425712588,0.002408753847703193,0.004518106579780579,0.002707608044147505,0.002395380288362461,0.004655025899410235,0.0042302124202252284,0.0044080950319767605,0.0022781621664762705,0.0044383704662322426,0.003904610872268685,0.002472352236509348,0.002328299568034602,0.002212106250226534,0.0034817531704902857,0.003099720925092822,0.002209585160017,0.002186434343457274,0.0037089399993420003,0.0036283209919928962,0.0013617123477160224,0.0015781093388795202,0.0018397588282823441,0.002246662974357549,0.0012076953426003213,0.0012629510893021046,0.0011366629914845556,0.0014579691924155374,0.0016771899536252633,0.002448774874210417,0.0024229644332080928,0.0022690705955027805,0.0028716102242470204,0.0023609399795532643,0.0013193935155869242,0.002577390521764776,0.0035421177744865,0.0027523171156644786,0.003114020451903298,0.0035982821136712967,0.003687895834445908,0.0036605003406293603,0.004623174667358398,0.004045844078063993,0.0012657810002566026,0.0008614510297775685,0.0017337724566460005,0.0012485273182391982,0.0021862061694264863,0.00316520035266879,0.0006085541099310372,0.0008085414301603879,0.003720149397850092,0.0006859507411717605,0.001255997922271425,0.0034027465153486066,0.002294540405273409,0.0021927393972873827,0.002342734485864647,0.003664796007797128,0.0036528422497212523,0.0011235726997256435,0.0012488774955272536,0.00042000599205487335,0.0007819123566150457,0.0038293059915303134,0.002473266795277554,0.0025849444791673885,0.0015860218554734386,0.0025516748428344865,0.003020491451025009,0.0031497348099947045,0.003356276080012325,0.0019275713711976832,0.0036082845763303452,0.003725886344909704,0.0035142563283443533,0.0035625994205475274,0.0038749603554606494,0.0038889050483704134,0.003836821764707517,0.004014153964817517,0.004722455516457582,0.004592174664139775,0.004218759015202512,0.0038504600524902686,0.003699091263115446,0.0038270801305771147,0.0038517843931913376,0.003835219889879256,0.002369430847466032,0.0027156621217727947,0.0036680218763649798,0.0037435926496982843,0.002588856965303463,0.000981200486421533,0.002450149506330532,0.0009757825173437805,0.0014510268811136207,0.0009170398116111547,0.0037579610943793726,0.002492915838956819,0.0009579774923622633,0.003376337233930782,0.001011928543448375,0.002882780507206903,0.004104694351553964,0.0020617917180061687,0.002723630517721107,0.001194205135107018,0.0018388107419014426,0.0008703973144292207,0.002780009061098182,0.0028943754732608656,0.0026682205498218987,0.002374329604208493,0.0015735400374979425,0.001122162910178317,0.001036978559568524,0.0011822860687972154,0.0028909817337989053,0.001812400296330459,0.004521422088146225,0.000546880066394688,0.0033549517393112183,0.0011163419112562847,0.0009423326700925516,0.002220211550593494,0.0019012577831745078,0.0023727864027023315,0.0013593984767793865,0.002603087574243573,0.002490773797035224,0.0020361617207527573,0.002903841435909313,0.0024190843105316995,0.002540841698646615,0.002179125323891671,0.003988549113273593,0.000900581479072588,0.0024681612849235127,0.0018114047124982,0.0015874705277383696,0.0037355520762502726,0.002530228346586262,0.002173104323446702,0.0018007606267928802,0.0020193345844745844,0.0014388347044586398,0.0013169068843126954,0.001340703107416616,0.001969549804925884,0.0019333506934345124,0.002425292972475334,0.0025524767115712877,0.0025608455762267013,0.002447862178087188,0.003428369760513333,0.00199333298951386,0.0017286334186792476,0.0024956762790679515,0.0020433366298674913,0.0022651143372058877,0.002109572291374151,0.0025256096851081155,0.0018830224871635296,0.0015521841123700213,0.0008832998573779088,0.001953398808836913,0.0026936233043670104,0.0038246884942054367,0.0039926301687955535,0.004161408171057753,0.004267014563083645,0.003564207814633874,0.003563076257705763,0.0033716643229126358,0.0032028183341026,0.002892179880291193,0.002521907910704547,0.0009719859808683326,0.0013915303861723142,0.0013805623166263626,0.003710582852363585,0.002626013010740287,0.0013427091762424695,0.002812153659760944,0.0011418201029300618,0.0011401958763600367,0.003360348753631148,0.002882281318306987,0.0012550773099064866,0.0026291755493729483,0.0019814281258731447,0.0018017808906733367,0.002555337734520502,0.0028747608885169203,0.0006401967257261831,0.002496762201190068,0.002304892987012853,0.0028926897794008077,0.002377569675445536,0.00276875309646131,0.002458065748214764,0.002646005013957616,0.0005444455891847333,0.003420915454626091,0.002210848033428206,0.003578186035156167,0.000998257659375635,0.0007493556477129362,0.0007054172456264843,0.0009659113129602133,0.0013403352349996202,0.0022555626928805537,0.002955339848995167,0.002369077876210268,0.002128624357283169,0.0016624429263174265,0.0012766169384122285,0.001166361616924438,0.0011986112222076096,0.0030792653560638705,0.001751132309436798,0.0017435178160667142,0.004234604537487058,0.004116758704185458,0.003989234566688482,0.0014855396002530776,0.0043338164687157215,0.003840416669845526,0.0012677172198892266,0.0013402131153270375,0.0013401918113231973,0.0023668445646762397,0.0019199606031179528,6.0,1
0.0034461021423339844,0.005929097533225985,0.004184521734714501,0.003817144781351131,0.005743004381656715,0.004798144102096488,0.0032360702753067155,0.003243383020162475,0.003683520480990351,0.003823310136795051,0.006231234408915057,0.003048263490200022,0.002428021281957592,0.0021199025213718137,0.003345899283885997,0.002865022048354177,0.003394411876797631,0.003579849377274559,0.002919839695096016,0.00558411329984658,0.004708789288997692,0.0067640170454978926,0.0028751324862240674,0.0029402482323347663,0.002956459298729978,0.0029182918369770328,0.003039946779608773,0.0037000052980146383,0.0034078569733537642,0.0040138403419405074,0.0038748960942031493,0.002357764169573822,0.003158788429573141,0.0033036842942238444,0.004710286855697604,0.002444386482238714,0.001915328204631814,0.0036070905625820923,0.002365563064813687,0.002900511026382422,0.0019949488341807872,0.002031484618783011,0.0016647670418023994,0.0027814627392217656,0.005897462368011447,0.005620837211608873,0.004892984405159874,0.002695752307772586,0.003502383828163105,0.003099199384450857,0.001591799780726478,0.00468469411134724,0.0059265736490486795,0.005638706963509193,0.006355810910463292,0.00476823374629021,0.00304520665667963,0.0018685895483940105,0.002487719058990507,0.0036353729665278695,0.003524206578731578,0.0022676056250929533,0.0022553091403096537,0.005329950246959976,0.002765467390418043,0.005583429709076965,0.005440523847937574,0.006381536833941911,0.004410414025187503,0.004348366986960165,0.004318952560424704,0.004094168543815689,0.0030598714947700084,0.0025008674710989137,0.001900168135762218,0.0031268596649169397,0.002307547256350465,0.002688466571271442,0.002110320609062868,0.0048770233988761754,0.001746345311403259,0.0018158517777918934,0.0018092989921570449,0.0031807702034711803,0.0039068236947059605,0.003487685695290589,0.0030743405222892553,0.003386640921235081,0.0023859310895204557,0.0026058247312903443,0.0031657535582780448,0.003389385528862525,0.0021983822807670407,0.00444371998310089,0.004992056638002347,0.0022021648474038077,0.002504765056073685,0.003620341420173638,0.0023055672645568947,0.003575094044208464,0.002409764099866019,0.002176254405640104,0.0026441309601069017,0.006254609674215414,0.004408834502101038,0.005678519606590337,0.0030431984923780147,0.004733074456453313,0.004232665523886663,0.006367951631546019,0.0029025059193372397,0.002027403563261032,0.003075381740927705,0.003799423575401386,0.002828038297593505,0.004513442516326925,0.0024214014410972665,0.001865616068243977,0.0020147450268267787,0.0023545974399893925,0.002541808295063796,0.002687971806153789,0.003393281251192093,0.002078771591186475,0.003630112856626511,0.005550168454647064,0.002651857212185912,0.006572604179382269,0.0028245123103260977,0.0020171031355857762,0.0033033490180968995,0.0038962662220000882,0.002959787845611628,0.003099924884736505,0.004461534321308157,0.001339726150035879,0.0013543441891670366,0.002894222736358587,0.001619607210159288,0.004699416458606706,0.003548486158251785,0.004974760115146637,0.00213366188108918,0.002904724329710063,0.0031608920544385754,0.003135189414024319,0.0028479229658842013,0.0022086873650551194,0.0035479506477713585,0.0031650215387344915,0.002453152090310981,0.0039458703249693056,0.0030416818335652265,0.003102433402091205,0.00305052427574998,0.003147223033010991,0.002921495586633863,0.0028350185602902802,0.002718591596931091,0.0028639964293687968,0.003037297166884017,0.0031640874221919475,0.006976656615734003,0.003176453523337822,0.003846418112516383,0.0024807360023260147,0.003951769322156935,0.003521513193845797,0.003196503967046748,0.0024062283337116237,0.003119412809610329,0.0033925572643056234,0.0017558857798576494,0.0030028587207197397,0.003434557467699155,0.0029676570557057398,0.003607003018259995,0.002781696617603357,0.0030111428350209674,0.0028105769306421,0.003370882943272615,0.0037794914096592994,0.0032242406159639914,0.0017232187092303913,0.0016399296000599547,0.001539454795420194,0.001423442270606666,0.0018184687942266087,0.0031164530664682874,0.003180377767421266,0.0030348589643835995,0.0017368998378515476,0.0014915056526660089,0.0033724894747138804,0.0027592771220952307,0.003736566752195324,0.0036267712712286532,0.0034933649003505915,0.003229226917028427,0.003046168945729816,0.002973494119942164,0.003190440125763465,0.002127661369740899,0.0016241632401942964,0.0026459046639502014,0.0016455079894513187,0.0014150436036289224,0.0010017389431596236,0.0031659854575991947,0.002752630040049601,0.0021674800664186963,0.002685717307031193,0.0013514440506696404,0.002143051475286567,0.0011081304401159113,0.0024265795946121077,0.0010146969289053372,0.0030436981469392672,0.0048785135149955,0.003782596439123161,0.0052481144666671605,0.003866246785037311,0.00453874748200176,0.004793881205841893,0.004846723728405665,0.004638865590095529,0.002947064116597245,0.0037568509578704405,0.002424191683530839,0.0024917731061577307,0.0026460238732396524,0.002751161810010534,0.002774216700345313,0.002794270170852491,0.005654796957969639,0.003153182566165904,0.003671020269393907,0.005569547414779635,0.005116891115903896,0.0052276961505413,0.0027474183589219947,0.005406551063060802,0.004746671766042729,0.003036665730178323,0.002850496850442213,0.0029770927503705545,0.003242086619138652,0.003748597577214196,0.003546465188264861,0.0012259539216755815,0.0048089846968651295,0.005657531321048695,0.000756326597183915,0.0004781824536622386,0.0008066827431321942,0.0012659374624490287,0.0009699254296719117,0.0009208993869834069,0.000969849381363005,0.0009152735583484447,0.0009035589173436024,0.001251582056283923,0.002401636447757474,0.001400532200932423,0.0033674016594886363,0.001826040446758264,0.0011166445910931327,0.0034490860998630524,0.002335416153073241,0.0025231745094061557,0.0019974838942289665,0.002025827765464755,0.002198502421379072,0.003679835877846864,0.0057420283555984645,0.005366884171962738,0.0010657357051969288,0.0012736823409794894,0.003083132207393625,0.002752225846052184,0.000951012596487992,0.0045438930392266005,0.00200280267745263,0.0016516662944923786,0.005772802978754044,0.002852996811270804,0.0010018879547716254,0.003149724332615791,0.0016272813081741055,0.003443386405706433,0.0035458393394947117,0.003177665639668645,0.0029321027686819013,0.001469579525291918,0.0026486162096262394,0.0022637601941824237,0.002146013081073775,0.0058622304350137286,0.0035436581820249865,0.0035002892836928385,0.0017112847417593696,0.003752395510673495,0.003011751919984866,0.0023118369281291754,0.001994892954826289,0.0031622294336556803,0.003088530880631772,0.002990644890815092,0.0027656088350341114,0.004693612456321758,0.0023795049637555373,0.0023438446223736226,0.0022948477417229912,0.0025443965569138145,0.003041127696633325,0.002846099436283091,0.002522675320506089,0.0030030738562346233,0.001931487582624009,0.00234078429639349,0.0029720813035965447,0.003332675434649009,0.0019486024975776891,0.002339690923690796,0.002249274402856853,0.0026258444413542192,0.003734227269887924,0.002321625128388357,0.003592148423194851,0.0007759812287986235,0.0002612582175061976,0.002421727403998375,0.005789697170257544,0.003476339392363957,0.0017651556991040126,0.0033137202262878297,0.002805545926094121,0.0037177018821239203,0.0061222547665238216,0.0011256420984864842,0.0014325603842735776,0.0011593750678002884,0.00103253871202464,0.0016644382849335811,0.004108909517526628,0.001618836075067638,0.0009036641567945553,0.0005956618115305903,0.00022575072944151529,0.0006800230476074474,0.0011992454528808134,0.002787362784147266,0.0015682242810725402,0.001461939886212335,0.005559138953685774,0.0014819577336310785,0.004557564854621886,0.0016009332612156278,0.0019419407472013872,0.0013078898191451786,0.003300111740827498,0.0014403462409973145,0.0010678293183446297,0.003971159458160428,0.001971982419490828,0.0017056018114090105,0.001588128507137257,0.00179146230220803,0.003844164311885875,0.00228932593017824,0.004941612482070923,0.001157531514763839,0.002262894064187955,0.0008519217371940526,0.0005681412294506706,0.003234695177525307,0.0015629827976226876,0.0025042342022060893,0.0022531896829604825,0.002001717686653172,0.0007252651266753862,0.0009129904210567457,0.0010332269594072931,0.002223204821348266,0.0009028916247189678,0.0010944036766886798,0.0011259508319198766,0.0012901974841951535,0.0012656310573220461,0.005374915897846222,0.0009863302111625324,0.002344736829400073,0.003689937293529517,0.003435537219047561,0.002353258430957773,0.002335516735911377,0.002269474323838953,0.0016167983412742756,0.0009506084024905881,0.002578165382146843,0.0023260805755853514,0.0014818683266639016,0.0024950224906205467,0.0021761469542979878,0.0027328599244355843,0.003314461559057225,0.0027921674773097264,0.0024430844932795057,0.0024902829900383915,0.00253797601908448,0.001963573973625845,0.0016250349581241506,0.0022320710122585227,0.0016874059801921721,0.001247694250196169,0.0024327877908945144,0.0018019676208496575,0.002487431280314938,0.0025271491613238447,0.003114338964223945,0.0024935491383075853,0.0022727763280272037,0.003227778710424969,0.0015731621533633007,0.0030710394494234644,0.0010755211114883117,0.0013189967721700519,0.001442485488951247,0.002179685048759008,0.002029778435826305,0.002895513549447118,0.002759031951427432,0.0028126463294029114,0.0017114430665969155,0.002239620313048328,0.001539699733257377,0.0014581037248717775,0.001912962645292171,0.004606910049915265,0.003486391156911843,0.004873842000961221,0.0017099590040743984,0.0016003446653485645,0.0015423553995788444,0.0013652215711772516,0.0010201353579759216,0.0013142060488462864,0.002346754074096721,0.0010482463985681636,0.0007874071598052924,0.0004211105406284575,0.000674378592521029,0.001141318352892945,0.0013132959138602448,0.003525570034980746,0.003029804676771157,0.0030637532472611306,0.005383387207984924,0.0052183382213115284,0.005102336406707778,0.0027366541326045817,0.005402483046054882,0.0048672631382941645,0.0013208389282226404,0.0016163964755832338,0.0019789747893811226,0.001291813328862166,0.0010990463197232056,6.0,1
0.0015213191509246896,0.0042401179671287675,0.002906735986471211,0.003576863557100365,0.004277899861335825,0.003991246223449721,0.0025576055049896657,0.002789916470646834,0.0024254284799098864,0.002123670652508736,0.005128468386828927,0.0011489577591418734,0.0008197873830795219,0.0009846370667219231,0.0012254808098077807,0.0010315645486116687,0.0013614110648631252,0.0013825949281454505,0.0008625956252218143,0.003972865641117096,0.003619495779275915,0.0037675276398658475,0.0027311495505272826,0.002700122073292709,0.0026210667565464986,0.002498475834727225,0.00279764737933882,0.002418139716610463,0.002247820608317865,0.0026341534685342554,0.002695347182452743,0.0019845869392156427,0.0022337308619170947,0.002779327332973577,0.002256967127323109,0.001951392740011243,0.002003386616706751,0.0016596168279648313,0.000829588621854855,0.0012432876974344427,0.0005915910005569805,0.0007846597582101858,0.0008295420557260582,0.000769102363847221,0.0043661594390869,0.004347331821918488,0.002956284210085874,0.0022728927433490684,0.003155972808599396,0.002969924360513611,0.0017333338037133564,0.0039875209331512035,0.003479133360087884,0.003297198767540882,0.004312533885240485,0.0030534230172634303,0.0021859635598958428,0.0004979176446796027,0.005488872528076172,0.0031750611960887428,0.002933021634817172,0.0006680777296424037,0.0005882220575586343,0.002891937736421878,0.0025733616203070108,0.0033953748643398354,0.003061041235923781,0.005210345378145589,0.003295956179499695,0.0036171665415166867,0.0024567954242228976,0.002588111907243791,0.0011893436312675199,0.0008529275655746563,0.0005567334592342203,0.0027931630611419817,0.0007119041110854559,0.0009710621088743106,0.000453933607786864,0.004006162285804783,0.0009647719562053279,0.0010375902056693439,0.0009434409439563648,0.001047951169311967,0.0016403608024120227,0.0014462321996688845,0.000944953411817568,0.0012490656226873953,0.0007259175181389254,0.0008644498884677142,0.0012605637311935494,0.001374184153974143,0.0013891812413931448,0.004732400178909357,0.0035345032811164227,0.0005097170360386903,0.0007862504571675823,0.00272509083151818,0.002056533470749845,0.002860940992832121,0.0021616253070532053,0.0019910134142265127,0.0026022214442492433,0.004834828898310706,0.0036037275567650977,0.003121332265436649,0.0008389758877456691,0.00268726609647264,0.003506315872073184,0.00527897011488679,0.0025238357484340607,0.0016431212425232554,0.002743472345173484,0.0026877932250500593,0.0024487469345330845,0.0038875304162501604,0.001716677099466206,0.0016929581761361105,0.0017884168773889145,0.0020894799381492813,0.0022546016843989648,0.002338035730645201,0.0025777854025364646,0.0022123157978057514,0.0025158673524855804,0.004071168601512853,0.002494234591722499,0.003676682710647555,0.002315277233719773,0.002138892188668258,0.002756182104349112,0.0036085918545723243,0.005245253443718012,0.0028003631159663964,0.0039796680212021785,0.003491405397653573,0.004320137202739689,0.0037464946508407454,0.00428589433431617,0.0021827742457389415,0.002536965534090949,0.0035926364362239773,0.002075815573334729,0.0015580914914608487,0.00287354923784729,0.002890045288950121,0.0009882892481982944,0.0031242556869984233,0.0018471200019121066,0.0034800097346305986,0.003987379372119966,0.0031891074031591238,0.0010000020265579466,0.0028897570446132412,0.0028022504411638503,0.002825764939188964,0.0019446387887002493,0.002490165643393953,0.002297690371051449,0.002431134926155191,0.0025623864494265392,0.002680902369320313,0.003974862396716988,0.0028420090675354195,0.002491544932127006,0.0018026642501354426,0.003464277833700194,0.0023863799870014807,0.0022696424275636014,0.003418490290641723,0.0030679143965244397,0.001741818006848918,0.004988126456737629,0.0026598758995533467,0.003041349351406132,0.0009789434261619576,0.0028015356510877327,0.004434131085872678,0.0010584089905023124,0.0009136348962784368,0.0014044567942620087,0.0016796179115772074,0.0009658858180045492,0.0007612295448779403,0.0006215292960405403,0.0005094716325401841,0.0005682371556758567,0.002620205283164971,0.002552181482315077,0.002386687207035729,0.002405714243650498,0.0007040118798613147,0.003356587141752167,0.0022915359586477557,0.0016256273956969025,0.0035636574029922147,0.003158517181873356,0.0030951909720897328,0.003193508833646816,0.0008401274681091309,0.0008247243240475237,0.0011254576966165698,0.0016584871336818435,0.0018359338864684363,0.0017304164357483682,0.001967536518350284,0.0016496852040290945,0.0019390080124139454,0.0016452199779450616,0.002818198874592712,0.0026884991675615137,0.002593876793980529,0.001618914306163682,0.003750719130039222,0.00243145599961285,0.004755839705467169,0.0011678887822200207,0.00281231477856643,0.00405167788267128,0.0033208578824996324,0.00427392870187758,0.002653143368661421,0.002822482492774721,0.002942167222499873,0.003025360616447753,0.003027121536433669,0.002355659380555188,0.003000743687152793,0.002106470987200807,0.0021628327667713447,0.0023776399902998664,0.0025232797488570487,0.0024914140813051856,0.0024151385296136197,0.0039342939853667935,0.0028287656605243553,0.0034566372632981322,0.004339911043643882,0.0039588622748851976,0.004137203097343396,0.0024339817464351173,0.004067800939083127,0.003569960594177232,0.0026408107951283372,0.0023095198557712584,0.0022375155240296624,0.002750815823674237,0.002821387723088223,0.0033605694770813327,0.0005218759179115817,0.003350540995597888,0.004650831222534221,0.0012627984397113098,0.0012063980102538464,0.0009307954460383,0.0005587395280599211,0.0013068802654743064,0.0004702310543506824,0.00048387050628661546,0.0003765295259654652,0.00032479409128425424,0.0007531642913818778,0.0016024638898670652,0.0003625042736530547,0.0026388838887214947,0.001065008342266173,0.0016987342387438393,0.0016134493052959306,0.0010165777057409497,0.001203581690788283,0.0009237658232450727,0.000902969390153923,0.0009514410048723117,0.0009371787309645992,0.00404869019985192,0.003980159759521512,0.0007599834352731582,0.001725120469927741,0.0024429075419902663,0.002278011292219217,0.0013982821255923168,0.0037164390087128523,0.0007128454744815133,0.0007345760022870808,0.00474132597446434,0.001829128712415702,0.0006816401146352217,0.0009301677346229752,0.0037704408168792725,0.0025255121290683816,0.002607982605695759,0.0008946857415139606,0.000795961124822475,0.0012344997376203036,0.002241311594843896,0.001082001253962482,0.0008937697857619199,0.004837470594793522,0.002915097400546067,0.0030948780477046377,0.0012776516377926393,0.0030254311859606864,0.0012743845582008778,0.0010271109640598193,0.0007871724665164635,0.002410857006907411,0.0008667275978949607,0.0008118622936308358,0.0005820480873808859,0.0033040791749954232,0.0011356156319379251,0.0011202525347471515,0.001125995069742168,0.00039808917790651153,0.0011059176176786666,0.0009982120245694802,0.0007572174072265277,0.0011476762592792509,0.0008606920018792204,0.0006297845393419718,0.0008557159453631317,0.0010493751615286203,0.001597840338945342,0.0033557265996932146,0.0008558048866689277,0.0005835788324474768,0.002649735659360858,0.0018209926784038574,0.0025920234620571,0.0015403400175272909,0.0013449039543047888,0.0020715054124594047,0.004706481471657864,0.0030320286750792885,0.0010925410315395043,0.0006478582508862045,0.001522814854979508,0.0031955242156982075,0.0050335451960562974,0.0007107099518178592,0.00099076330661773,0.0013173213228584342,0.0006423238664865841,0.0019094739109277168,0.003038361668586661,0.0012677945196628362,0.0008472427725791793,0.0009924629703162938,0.001254350645467718,0.0014054974308237544,0.0015124648343771375,0.002370469272136688,0.0015213191509247034,0.0008316617459058449,0.003954045474529211,0.001956474035978193,0.003638073801994296,0.0016772020608186132,0.0016743205487727945,0.0004253592342138672,0.0026830285787581565,0.003787860274314853,0.0011717360466719038,0.0032585151493549624,0.002223163843154838,0.003206729888916029,0.002555005252361325,0.002765633165836251,0.0030939057469368397,0.001876352354884073,0.003435425460338648,0.0017123539000750785,0.0015348643064499318,0.0008365130051969773,0.0010376661084591848,0.0009076548740268117,0.0022192113101482808,0.0013273302465677018,0.002856273204088191,0.0031367987394332678,0.001103884074836906,0.0011568395420909034,0.001133820042014077,0.0015197768807411265,0.000750083476305034,0.0005745596718043228,0.0004490946885199191,0.00033132359385498397,0.0003733607009053543,0.004451125860214192,0.0007312707602978082,0.0017185211181640415,0.0027157291769981176,0.002262171357870157,0.002507086843252209,0.002298383042216232,0.0011634789407253088,0.00338119268417357,0.001058904454112072,0.002585478127002709,0.0021638572216034447,0.003007873892784105,0.0011304393410682294,0.0006408859044313778,0.00086789391934863,0.001223037019371983,0.0004050051793455887,0.0008840616792440502,0.0007724463939667459,0.0007603960111737511,0.0011012572795152556,0.0019152816385030781,0.002138810232281741,0.001297522219829318,0.001088262069970482,0.0009439270943402613,0.0021953620016574443,0.0018509048968554337,0.0010469488333911174,0.002846140414476464,0.002499416470527697,0.0006142193451524268,0.0014565866440535494,0.0015196856111288695,0.0012202598154543928,0.0018133712001145203,0.0016923281364143025,0.001807164400815943,0.0010206894949077944,0.0020539108663797205,0.0017666276544331843,0.001841109246015528,0.0012407330796122985,0.0025844424962997714,0.0011881720274686885,0.003157563507556916,0.0013620896643260995,0.0022881682962178976,0.003311261534690864,0.0025989562273025305,0.0036202073097228865,0.0011042179539799916,0.0006667864508928152,0.00047515425831079055,0.0005211590614635508,0.0005841441452503518,0.0006289426237344811,0.0020875036716460488,0.0007269792258740372,0.0009500607848167539,0.0011969110928475848,0.0013659929390996673,0.0014476224314420734,0.0014941596891730894,0.0028961151838302326,0.002304006367921857,0.0029561333358288787,0.003767304122447968,0.003686752170324256,0.003629084676504217,0.002077912911772721,0.003775238990783705,0.003405127674341174,0.0012706611305475495,0.0014730080147274632,0.0017131986096501884,0.0004037152975797064,0.000416239723563111,6.0,1
0.003276377916336004,0.005351029336452498,0.004429198801517507,0.003169111907482259,0.0049875527620316384,0.0041377991437912,0.0019202381372452199,0.0015284121036529992,0.0009818524122237706,0.0011323355138302162,0.002956286072731051,0.0030661970376967967,0.002564281225204461,0.002023532986640913,0.0034890100359917173,0.003953933715820316,0.0044221468269825094,0.004838692024350187,0.004108260385692205,0.005326822400093065,0.0044653080403805395,0.003544777631759699,0.0020026620477438853,0.0018966365605593567,0.0018603317439557284,0.0017561782151461064,0.002228323835879617,0.0010186687286477467,0.0010177896765526985,0.0011164913885295675,0.001020108349621407,0.0019308086484669839,0.002136981580406417,0.0013988036662340893,0.0032357871532440736,0.0022012591361999997,0.0017522582784295134,0.00307628512382508,0.002356275916099563,0.0021934267133474038,0.002505805343389598,0.0022214855998754397,0.0027031470090150625,0.0030496555846184787,0.0052507519721984594,0.004783414304256467,0.0027819322422147877,0.0018358081579208944,0.002986785024404525,0.002480838447809157,0.001657060347497373,0.003952763974666596,0.00298316497355703,0.003088552883127705,0.0030939728021622264,0.0010770466178655347,0.001381866866722706,0.0031334059312938863,0.0037594288587570186,0.003202524036169059,0.003476928919553819,0.0037731123156846094,0.003688226861413565,0.003199039958417355,0.0026703737676144444,0.0022890530526638,0.002279827371239645,0.0019263676367700005,0.0027403216809034872,0.0016504116356372142,0.0031153019517660176,0.003042347729206085,0.002825304865837118,0.0020271576941013336,0.002524275332689244,0.003254009410738941,0.003860777971567521,0.0035562887787818397,0.0034825677284971127,0.004323877394199371,0.002816105261445042,0.002379518002271652,0.0019345767796039614,0.0039309971034526365,0.004376772791147184,0.004085324704647092,0.003632975742220858,0.0033217817544937203,0.003140475600957916,0.003184206783771433,0.00317496620118618,0.0032206624746323274,0.0018549952656030187,0.003945901989936884,0.004956126213073696,0.0033835372887551962,0.0035483986139297485,0.003623839467763887,0.0025222711265087024,0.003669377416372278,0.0017019822262225794,0.0017447705031373285,0.002260902896523534,0.0025423336774111106,0.00227419845759872,0.002868077252060197,0.0027528884820639827,0.001471552997827568,0.0014779344201088331,0.0021183863282203236,0.0018187519162892927,0.0019314475357532922,0.002208772115409353,0.001700296998023973,0.0019224444404243712,0.0036666654050349907,0.0024092160165309906,0.0017379447817802984,0.0015434380620717898,0.0018081914167851227,0.0019239138346166013,0.0019953381270169986,0.0019074343144894266,0.0022612996399402198,0.0024118702858686447,0.005185194313526098,0.0018692184239625614,0.003986194729804965,0.001996695995330785,0.0018833149224519328,0.00183289498090752,0.0030062347650528514,0.0038396865129470548,0.002121401019394379,0.0035603642463683726,0.002268895506858798,0.002278365194797502,0.003169693052768735,0.002347745001316043,0.003147266805171911,0.0019495384767650827,0.004858970642089809,0.0016985358670353213,0.002632476389408188,0.0018116449937224629,0.001924099400639496,0.0035349815152585515,0.002075001597404417,0.0021662563085556134,0.0017322823405265875,0.0020375885069369645,0.0020025148987770115,0.0026683341711759173,0.0020781466737389226,0.00229385402053592,0.0023201825097202994,0.002841107547283138,0.0010579214431344966,0.0008022279944271044,0.0010053701698780346,0.0012539387680589945,0.0009553227573633992,0.0037053674459456977,0.0016807736828924578,0.0038768351078033374,0.002392360940575693,0.0035408399999141828,0.003330413252115312,0.001518741250038154,0.0019969269633293217,0.0016753263771534456,0.0024172850826289245,0.0032549053430556427,0.001815720461308916,0.002329643815755789,0.0028972732834517487,0.0017448253929614743,0.003070972859859453,0.003130039200186778,0.0033724065870046572,0.0036137737333774116,0.0036248229444026357,0.0029490310698747357,0.003248408436775145,0.003224906511604791,0.003197208978235748,0.002704293467104508,0.00220269709825505,0.001920744776725762,0.0015152286505325824,0.0019942354410886235,0.003208553884178387,0.002437874674797107,0.0013567376881837465,0.0024457314284518496,0.0033125057816504946,0.002505898475647049,0.002584092319011675,0.002412650734186131,0.0027678366750479386,0.003366492688655784,0.003229061141610116,0.002450103871524223,0.0017689084634183968,0.002013945952057835,0.001752614043653037,0.0017854389734566433,0.0020303474739194315,0.002649614121764909,0.0020641628652810565,0.0021655131131410607,0.0016823243349790437,0.002658585086464932,0.002250116318464328,0.002504235133528647,0.0028902441263198853,0.0022505503438877165,0.00206765905022617,0.004140697419643388,0.003383025527000413,0.00438767671585083,0.0008422299288212348,0.0008636661805214148,0.001411433331668384,0.0017399565549566693,0.001764894463122016,0.0018903277814388483,0.003203898668289309,0.0018761251121759066,0.0019237594678998078,0.002037977334112025,0.0019459747709334669,0.002215195912867764,0.002061019884422454,0.003982827067375183,0.0030173212289809626,0.0028987526893616555,0.004849657416343592,0.004772104322910281,0.004625137895345653,0.002840936183929433,0.00501646101474755,0.004701111465692534,0.002135222777724183,0.0020057446672581162,0.001972622238099549,0.0010690130293369744,0.001343309879302923,0.0032377392053603783,0.004264775663614134,0.004819847643375473,0.005548998713493389,0.0035115848295391183,0.003769349772483136,0.00375463441014281,0.004115719348192271,0.003210153896361449,0.003124626120552384,0.0029733600094914037,0.003441409906372319,0.003894954919815051,0.003745499998331042,0.0034345742315053784,0.004227334633469582,0.0049051418900489824,0.003840439021587372,0.0027204640209674783,0.0031338632106780377,0.002189362421631851,0.0023732371628285287,0.0017066951841115743,0.001635687425732668,0.0010834392160176884,0.001706986746285151,0.005320131778716999,0.004903502762317728,0.003246881999075534,0.0022011706605553714,0.004385724663734457,0.0041054897010326654,0.0030386694706976023,0.0040770322084426325,0.0021547675132751656,0.002520504553103844,0.005187191069126157,0.001084346324205409,0.0029831647407263244,0.0011635671835392427,0.002827510237693842,0.004312586039304754,0.004401080310344696,0.0010889000259338897,0.0009779563406482467,0.002905848436057625,0.004063155502080907,0.0015537589788436404,0.0016764458268880536,0.004390480695292276,0.004239793866872732,0.0032169651240110675,0.003591282293200358,0.0046718567609787395,0.002758871763944612,0.0020490456372499466,0.0013583265244961169,0.004114318639040028,0.0010120291117345654,0.0018533822149038503,0.0008937141392379818,0.004841037094593034,0.0007061026990414273,0.0011587813496589385,0.001647572964429831,0.0040645115077495905,0.00481325201690188,0.004360504448413797,0.003705693408846893,0.0032316893339157,0.0022024679929018107,0.0023823957890272327,0.002859145402908266,0.003015815280377855,0.002166183665394762,0.004353180527687128,0.001486985944211444,0.0017056316137313565,0.004318695515394225,0.0036331135779618853,0.004393961280584405,0.0024437755346298825,0.002580757951363949,0.003843050450086621,0.0048472844064235895,0.0038990764878690334,0.0025140307843684023,0.0022787670604884373,0.0011059194803238089,0.002742070704698566,0.003752645105123565,0.003930486738681854,0.0037024319171905374,0.003133519086986761,0.003948653116822118,0.002117367461323728,0.004668768495321282,0.0038362964987754063,0.0032984819263220558,0.003014920279383685,0.0027997610159218107,0.0026884088874794647,0.00245442474260923,0.001893054693937353,0.0033907629549502424,0.0037302933633327376,0.005292944610118824,0.002985067665576966,0.005458354949951033,0.00234372681006788,0.0036002527922392256,0.00422668270766733,0.004289731383323697,0.003651291131973211,0.00327226426452395,0.004052489995956532,0.002696186304092359,0.0026469677686691145,0.0038559585809707507,0.002709522843360887,0.004898443818092374,0.0037334188818930994,0.0050128661096096715,0.0028517013415694393,0.004227317869663259,0.004197360947728153,0.004000931046903125,0.001804937142878737,0.0033506043255329197,0.0033960435539483885,0.003498513251543045,0.003158703446388224,0.00367545848712314,0.003471551928669173,0.003270064480602661,0.004055302590131781,0.002946380991488729,0.00271615409292293,0.002802544040605371,0.00328104058280592,0.0037626065313816404,0.00564627349376666,0.0042944429442285815,0.002834036946296657,0.004486899822950391,0.0037291347980499476,0.003106858581304557,0.003516107797622673,0.003544717561453521,0.002232700586318942,0.003097772598266638,0.002582654356956524,0.0037094354629517226,0.0033511519432067177,0.002753378823399575,0.0031838901340960624,0.003833472728729269,0.004110934212803782,0.003155473619699511,0.00048392452299593486,0.0006925826892256685,0.0008876612409949356,0.001374913845211277,0.003152580931782805,0.0019102413207292871,0.002477150002960135,0.0029642651788890865,0.00039148144423965976,0.0030361302196979315,0.001781284809112542,0.0026716659776866397,0.002563655376434444,0.0034499317407607824,0.0031632296741008464,0.002084668725728932,0.0031496202573180077,0.002538387430831829,0.002954955212771892,0.0024975948035717,0.00304997200146318,0.003340336494147761,0.003527572378516145,0.002687660977244297,0.0032270513474941323,0.00188509002327918,0.0032914392650127762,0.002187097445130272,0.002999626100063393,0.002013513527344879,0.002770788967609444,0.0049028508365154344,0.004494968801736818,0.004928819835186074,0.002459316514432524,0.0024974923580885497,0.002802510745823293,0.0031342874426627497,0.0035607619211077616,0.003939853981137168,0.004363402724265983,0.003620905801653917,0.003274326212704206,0.0031066532246768665,0.0031527273822575326,0.002840322209522104,0.002707701642066307,0.0049906671047209574,0.0041842423379421225,0.003275584429502543,0.005115061998367393,0.005048204213380821,0.005008295178413419,0.0038673225790262673,0.005181521177291842,0.004949830472469385,0.003046357072889777,0.002595594094600485,0.002100871875882147,0.0040026623755694685,0.004130672663450227,6.0,1
0.002943687140941557,0.00451924651861195,0.0033657886087894717,0.002539008855819785,0.0044392123818397106,0.003747694194316836,0.0016608051955699227,0.001588867977261585,0.002223843708634432,0.00285183079540725,0.005616468377411397,0.0031883381307124675,0.003730662167072275,0.0042537637054920144,0.006942361593246453,0.007597750052809662,0.008031275123357745,0.008455567061901089,0.006775642745196825,0.0042168572545051575,0.003255981951952016,0.003646947443485135,0.000933569855987958,0.0009666732512413094,0.0013285810127854727,0.0016440600156784266,0.0008120224811136887,0.0008373648597625426,0.0009567481793054547,0.0007086410187183673,0.000936005264520652,0.0023616757243872287,0.0039722220972180505,0.0017256513237953394,0.005003906786441817,0.0028539933264256014,0.0023319777101277524,0.003126412630081156,0.00441810116171832,0.0045041814446449,0.005895268172025719,0.00545985251665114,0.006418114528059946,0.006986692664213414,0.004217676818370819,0.003882803022861439,0.0019182385876775376,0.0006379680708050294,0.001568321138620453,0.0009412951767444123,0.00412247516214846,0.0032998919486998818,0.0020253490656614733,0.001781449071131598,0.0037403330206872212,0.002220222726464265,0.0010146223939955143,0.007146479096263624,0.009305030107498086,0.001954443752765704,0.002147991210222251,0.008419814752414826,0.008412420575041268,0.0021699331700801927,0.001426309347152762,0.002261951565742465,0.002809410914778709,0.004661441547796133,0.002467151731252712,0.003601014614105388,0.0020686239004134373,0.0024708174169063013,0.0037041865289211273,0.00493451952934265,0.006043426692485789,0.0018453169614076512,0.008590296783950013,0.008263832889497221,0.008119637030176808,0.0030683912336826533,0.00666586682200435,0.005876414477825186,0.004912119358778003,0.006280132569372692,0.007840849459171292,0.007884677499532717,0.007578201591968564,0.007169889286160414,0.007831108756363439,0.007893678732216327,0.007776064798235848,0.007630730047822026,0.004828709177672932,0.00775462388992318,0.0039043426513671892,0.008174974005669392,0.00833472702652218,0.0023539699614047657,0.0020220689475536828,0.00231913477182389,0.001302911899983928,0.002449792053084693,0.0012696329504251654,0.004111230373382603,0.003123555332422307,0.0025912942364812053,0.006620324216783102,0.002959497272968341,0.003833688795566496,0.005219754762947653,0.0016292817890644802,0.003387946635484647,0.0008374024182558563,0.0016611944884061991,0.0007462240755558398,0.002299990504980115,0.004466295242309445,0.003181414678692845,0.002494428306818025,0.0018415143713354984,0.0009659341303631463,0.0006490545347333398,0.0013632923364639456,0.004976641386747339,0.0018960721790791009,0.00396757572889328,0.0006209500133991798,0.00611354410648346,0.0008571431972086593,0.0017724633216857789,0.001536311581730898,0.001469891518354485,0.008668169379234258,0.0010132109746336503,0.0024058707058429232,0.006703123450279154,0.008215755224227921,0.006710693240165655,0.00739076733589171,0.0037078484892845015,0.003583425655961075,0.0038051828742026593,0.0014719860628245995,0.0037287548184395812,0.0012606093659997145,0.0011805621907113872,0.008130007423460525,0.00546275824308394,0.003645718097686704,0.005243111401796383,0.006754688918590475,0.004054207354784036,0.0036473954096436396,0.0011170930229127225,0.0008799368515610799,0.0008711079135537859,0.0026288516819475624,0.0018982752226292645,0.0021974439732730193,0.0024284520186484354,0.0022371876984836076,0.0019957367330789635,0.004755772650241741,0.0015072608366609036,0.0029447562992572928,0.003588685765862493,0.002222061157226514,0.0020757913589477327,0.0019799135625362674,0.005814686417579622,0.004550632089376408,0.003480590647086502,0.00926655530929564,0.0013398760929704233,0.0014339201152324744,0.003351719118654694,0.00386047363281251,0.007465437054634025,0.00755503028631208,0.007672620937228158,0.007752964273095148,0.007676457986235687,0.00649145524948839,0.007456516847014389,0.0073158731684089045,0.007234294898808089,0.0063413558527827965,0.005192028358578564,0.0010231323540211,0.001431192853488115,0.000967829022556585,0.007523108739405883,0.005795221775770167,0.0017536748200655,0.004964007064700075,0.0030403770506381017,0.0020178556442261297,0.002493813633918741,0.0010012909770011902,0.003595539368689024,0.0047203674912452715,0.0047633191570639385,0.0059675602242350145,0.002627189271151905,0.005213834578171383,0.003936327295377917,0.003973252605646911,0.005250343587249624,0.0038107447326183406,0.0005050525069236929,0.005575845018029189,0.004527462646365186,0.006144689396023785,0.00585497915744785,0.005848385393619447,0.007881514728069278,0.005617323535261481,0.0006031915545463148,0.0028425902128219327,0.002051491290330866,0.003204725682735443,0.0015443593729287742,0.0012704790569841905,0.0009612760040910313,0.0009725847048686577,0.0012558735907078134,0.0019402801990510766,0.005858071148395594,0.002129962667822772,0.0017862077802419925,0.0013337600976227927,0.00072755245491861,0.0006375543307513785,0.0008511703927069881,0.006953135132789556,0.0016567036509513508,0.001933101564645802,0.003656156361103058,0.003464709967374795,0.003384929150342913,0.00147593207657341,0.003756776452064514,0.0035285018384456704,0.0009029470384120906,0.0010865189251489688,0.0011405553668737776,0.0018676780164240327,0.0012610368430614571,0.0030908361077309487,0.0025506298989058165,0.0036779344081878727,0.005832456052303328,0.0019861659966407853,0.0021663201041518788,0.002184711396694166,0.002374263480305741,0.0017627407796681153,0.0027315182960592696,0.0024923311430028877,0.0028554953169077405,0.002794002182781731,0.0021234638988972404,0.0030902631115168433,0.0026447996497153056,0.0029692947864532193,0.002404533326625692,0.001253294758498726,0.0023627877235411765,0.003203434869647009,0.002270421013236011,0.002571851015091019,0.0030440576374530584,0.0031375084072351594,0.004750697262352309,0.004646256566047641,0.004471823573112474,0.0029995208606124588,0.0012870104983448516,0.0031686052680016397,0.0028949454426766,0.0015773507766425794,0.003856837749481229,0.0025953277945519465,0.0027687501278706164,0.006287384778261206,0.0021348223090172057,0.0021528461948036952,0.0035371351987123923,0.0039824098348617545,0.002946708351373638,0.002996832132339477,0.004372882773168472,0.004329321440309304,0.003535257652401847,0.0024037696421146497,0.0025035701692105693,0.003141995519399702,0.006388080073520546,0.004944493994116842,0.004809642210602769,0.0036072004586458757,0.004748027771711329,0.002510443329811027,0.0025737807154655665,0.0029050018638372144,0.00265360064804554,0.004469313891604568,0.005292362533509716,0.004277448402717646,0.004209559410810401,0.0032613724470137977,0.003424696624279001,0.003635736182332022,0.00704237446188929,0.008784364908933619,0.008191645145416256,0.007162081077694886,0.006426705047488171,0.005208234302699549,0.005596498027443903,0.006239673122763606,0.006482914090156562,0.0017381142824888925,0.002219885587692233,0.004717920441180477,0.005073583684861665,0.003051668405532823,0.001827171072363905,0.0030438527464867124,0.0013063680380583998,0.0013727054465561765,0.002212382853031197,0.006495650857687003,0.005012771580368309,0.003476625308394485,0.005143948365002888,0.002920432016253541,0.004421703517437082,0.00603358261287212,0.0022821100428699627,0.002102412283420514,0.0016274601221083328,0.0023349039256572893,0.0014015650376677305,0.00402480363845826,0.0023429021239280558,0.0021028202027082304,0.0020377077162265795,0.001600236399099121,0.0013159047812223068,0.0012684757821262395,0.0016959384083748176,0.0022282153367996355,0.002796515822410681,0.004255488514900221,0.0019083712249994688,0.003927767276763916,0.0012797545641660044,0.0016516800969839304,0.0022748485207557986,0.003598351031541921,0.0028937906026840765,0.0019261315464972773,0.0037872530519962866,0.003079455345869106,0.004133157432079343,0.0026268437504767955,0.003034755587577806,0.0040085017681121965,0.0027781119570136435,0.003947172313928681,0.0013321675360202859,0.002478610724210725,0.0025340141728520827,0.0025075250305235984,0.0053334077820182116,0.00176168978214257,0.003566221334040096,0.0034020543098449915,0.003768965601921089,0.002333663403987862,0.0020960322581231056,0.0019084485247730734,0.0032511502504350073,0.002882951404899441,0.0033081355504691475,0.003429170697927429,0.003489926923066408,0.0032190224155782977,0.004958137869834886,0.002625612542033057,0.0015311557799578411,0.0034154541790484693,0.002558637410402249,0.003162097185850171,0.0028346609324216565,0.003285827231593495,0.004486300051212283,0.0022490741685032897,0.002267014235258137,0.003299489617347641,0.0025916919112205787,0.005909970030188561,0.006555529311299321,0.0075072199106216595,0.007908869534730916,0.006192494183778829,0.003516668453812627,0.003380532376468107,0.003231370821595147,0.002305898349732153,0.0015235971659422025,0.0015605986118316859,0.0017767479293979195,0.0017960891127586766,0.003807960078120239,0.0018911696970462801,0.001860402524471212,0.0041743088513612496,0.002485387027263641,0.0027526505291461875,0.004788851365447048,0.0038745794445276607,0.0012680850923061165,0.003989656921476095,0.0013295612297952975,0.0012921900488435756,0.0019256030209362466,0.0034415666013956174,0.0024251155555247844,0.0032220259308815696,0.003076488152146313,0.0029741087928414674,0.0018155798316001888,0.00249654054641725,0.003086969256401062,0.002139792894013245,0.0021149218082428395,0.0043336041271686615,0.0033267214894294674,0.004404097795486382,0.001936828717589332,0.0023740325123072057,0.002657063305377932,0.0026870959409279697,0.0026271939277648947,0.0022426564246415927,0.002519033849239363,0.0019702371209859948,0.001709898933768307,0.0015692054294050555,0.0014901631511748778,0.0012653542216866712,0.001230257796123605,0.0028492510318755826,0.002666696906089866,0.002971854060888367,0.004609145224094308,0.004063993692397981,0.004367511719465311,0.0021809488534926674,0.0042098611593247015,0.0038296543061733454,0.0015948498621583644,0.0013815271668136382,0.0014480361714958134,0.0028958860784769128,0.0025953631848096466,6.0,1
0.0020106956362724573,0.001455716788768796,0.001253310590982458,0.0019535794854163846,0.0017616078257560316,0.002058707177638952,0.0029799193143844327,0.0014042370021342988,0.0025558285415172442,0.0031121037900446393,0.005833821371197751,0.002062533050775521,0.0022272691130637845,0.002351326867938056,0.002447016537189501,0.002704534679651216,0.002956870943307797,0.0031157154589892128,0.003111272118985673,0.001317180693149525,0.0008962340652942449,0.002264283597469302,0.0008637574501335923,0.0009440309368073873,0.0011766990646719412,0.0014362372457981285,0.0010701152496040056,0.0010108934802701818,0.0008068729985097878,0.000981944613158814,0.0008076773956416387,0.001603877171874095,0.002864805050194289,0.0013847779482603175,0.002783752977847997,0.001475248485803632,0.0014068325981498528,0.0017772577702998766,0.002119060605764368,0.0017934441566466973,0.0019487831741571047,0.002086708322167393,0.0020912270992994647,0.003075731336139153,0.001234464347362435,0.001453429460525471,0.0014723371714353613,0.0009685531258583447,0.0007571093738079487,0.0007898472249508043,0.001722631044685832,0.0016944035887718474,0.0029033692553638146,0.0023350334959105217,0.002027526497840916,0.0022932123392819877,0.000572318676859216,0.003000339493155549,0.0049041360616683145,0.000956162810325685,0.0009388811886310649,0.0030385169666261327,0.002935086493380369,0.002229636535048452,0.0010200217366218602,0.0030095800757409053,0.002977492287754912,0.003485198132693779,0.0012168958783151176,0.00224715378135441,0.0013500899076461894,0.001209534704685246,0.001941140741109848,0.0019313264638186024,0.0020042695105075906,0.0008650124073028392,0.002977983793243617,0.0028810179792344336,0.0028806149493902588,0.0005960054695605885,0.0021986141800880033,0.002259062603116063,0.0022668931633233955,0.002852526493370569,0.0028365813195705553,0.0026997588574886704,0.002507101744413365,0.0023712310940026994,0.0025015668943524604,0.002615455538034493,0.0028603430837393197,0.0030157882720231784,0.0018671611323952712,0.00403343141078949,0.0011808648705482346,0.002666585147380889,0.002817248459905361,0.0012777708470820687,0.0012447927147150315,0.0010752938687801153,0.0008418685756623693,0.0011241288157179906,0.0009814202785492117,0.002611909061670352,0.001719686202705047,0.002697868272662208,0.0030857725068927635,0.0026122294366360925,0.003565821796655714,0.0048392200842499785,0.0014126040041445955,0.0019484907388685954,0.0012048315256834325,0.0008553378283977058,0.0013857772573828574,0.0005954243242740215,0.0022781342267990533,0.0018895193934440925,0.0015905816107989398,0.0010785497725009936,0.0007801959291100801,0.001045930432155725,0.002502249553799657,0.0024671815335751,0.0011097118258475702,0.0011412650346755288,0.0007592849433422263,0.003583177924156189,0.0014643254689871849,0.00130787771195175,0.0013095736503601699,0.0006862804293632577,0.004493534564971924,0.0012203212827443836,0.0012112557888030798,0.003896351903677021,0.004658646881580353,0.003298297524452085,0.004099003970622961,0.0020674914121628233,0.003076288849115345,0.0010315366089344927,0.0011068657040595453,0.0018747113645077031,0.0012222165241838265,0.0009384853765369016,0.002983389887958803,0.002674378454685204,0.0030058566480874304,0.003974810242652832,0.004304502159356939,0.004582233726978278,0.0026137735694646428,0.0009114877320825636,0.00105223152786498,0.0012158546596766195,0.0013487674295901836,0.001042725518345773,0.0009814673103392118,0.0009202975779772931,0.0009064879268406504,0.0011695530265569305,0.003025844693183871,0.001362276263535054,0.0015367455780505718,0.0016110893338918304,0.0006582103669642987,0.0014981590211391518,0.0026662033051252816,0.0036914311349391655,0.003467453643679588,0.0028011528775095072,0.0048867315053940244,0.001223215833306257,0.001760009676218047,0.0027485862374305465,0.0034325290471315943,0.0038084089756011135,0.0023255497217178236,0.002405272796750086,0.0027374569326639106,0.0029240623116493954,0.0030263038352132485,0.002473739907145452,0.0023928843438625804,0.002418722026050112,0.0023414054885506127,0.0022374670952558205,0.0019438955932855329,0.0014006056590006276,0.001275497954338834,0.0025675832293927674,0.002972882241010673,0.001885209232568788,0.0029349289834499077,0.0023505575954913607,0.0022962614893913963,0.0026914775371551514,0.0009564869105815957,0.002847843803465316,0.003015769645571657,0.0027779769152403025,0.003043316304683577,0.0016834326088428792,0.003045647637918573,0.0017579626291989966,0.001876357011496972,0.002284916583448672,0.002683828119188576,0.0007352381944656476,0.003127962350845348,0.003032080829143493,0.002920909784734275,0.003153644502162857,0.0030142068862916045,0.0042192339897155475,0.0022434272977988816,0.0011430904269219245,0.0006102658808231284,0.0007677078247069481,0.0010760501027107516,0.0009679058566689268,0.0017386483959852287,0.0018065508920698762,0.001453022588975767,0.0009685959666966957,0.0013228245079517505,0.003061205148696761,0.0016043614596128013,0.0013318955898285,0.0009961100295185913,0.000829489436000687,0.0010832108091563602,0.0013103284873068654,0.0038826316595077523,0.0009483173489570618,0.0014792643487454293,0.0009519681334495543,0.001008100807666737,0.000795844942331321,0.0010927971452474386,0.0010696128010748984,0.0009872391819954127,0.0013258671388030087,0.0016371208475902458,0.0019290735945106004,0.0012988783419131018,0.0008634198457003232,0.002529751509427976,0.0038385875523090853,0.001437928527593682,0.007017247378826086,0.0030849226750432725,0.003387500997632744,0.0036455066874623242,0.0037893075495959157,0.0029796478338540234,0.0029175092349760555,0.002743746095802616,0.0032196580432354693,0.0035360096953808546,0.003939559683203732,0.0024932764936238428,0.0038844812661409283,0.005147553980350439,0.0042900443077086015,0.00245817471295598,0.001941654831171015,0.002160027623176561,0.00207572057843208,0.002056404948234565,0.0021772217005491326,0.002205260097980475,0.002696470502996799,0.0016590729355811654,0.00203691422939295,0.003959583118557958,0.0027738800272345664,0.002253483980894075,0.00243370980024335,0.0029858448542654397,0.0022959560155868678,0.0033629732206464005,0.003479316132143087,0.006925705820322002,0.0031178668141365468,0.0026866698171943665,0.0024414050858467496,0.0021974593400955755,0.00186127424240113,0.0017277933657168995,0.00254526094067842,0.002487427322194028,0.0038090990856288896,0.0022063758224249307,0.003541175276041013,0.0034972075372933925,0.006455492228269575,0.005351297557353998,0.005326321348547988,0.004350440576672613,0.005662251263856832,0.0019505918025969765,0.002089308574795675,0.0021196994930505995,0.0019388180226088195,0.0025765271275303924,0.0027034115046262767,0.002447064965963328,0.0017841532826422953,0.002242260612547342,0.00229072198271748,0.0023005940020084693,0.0031856894493103496,0.0032497495412826746,0.0030282624065875287,0.0026562158018350393,0.002413332462310749,0.0024490654468535874,0.0026482036337256085,0.0029349848628044337,0.003086411394178897,0.0018508769571781195,0.0038439929485320212,0.0024296510964632078,0.002595518715679589,0.0015379898250102995,0.0019298680126667266,0.0017034597694873465,0.002811934333294604,0.0029581235721706264,0.002345474436879151,0.006522929295897421,0.00515992287546395,0.003745755180716571,0.002832573838531965,0.003367908298969273,0.005285711959004423,0.006296562030911515,0.0037456899881362655,0.0039236992597579045,0.002945170272141625,0.003965796902775716,0.0028657549992204307,0.0021616034209728935,0.004119653254747328,0.003556681796908385,0.0033713383600116357,0.0030644957441836023,0.0028792173179680524,0.00284485262818634,0.003096302971243837,0.0033038668334483545,0.004179298877716193,0.001442447304725633,0.002528969198465417,0.0056791007518768866,0.002900914289057145,0.0021887393668293814,0.003836283460259462,0.002382703125476858,0.0029127746820449,0.0029932660982012124,0.002363543957471896,0.0017805919051170765,0.0018221810460091047,0.0035660862922669008,0.001551538705825778,0.005613565444946332,0.0023433938622475213,0.0012580044567584367,0.00249691307544693,0.004560489207506249,0.003729577176272817,0.0034839236177504032,0.002723503857850985,0.0025312379002570273,0.0024944664910434983,0.0017484240233898304,0.0016537085175514568,0.003365639597177541,0.0031613851897418065,0.0031016822904347176,0.00457253679633142,0.0032078255899250924,0.003374938620254318,0.0035772225819527687,0.0038382615894079547,0.00392326340079305,0.0065470114350319325,0.0037917597219347694,0.001904577016830465,0.0019166916608809941,0.0016853772103786401,0.001988600939512204,0.0021072328090668245,0.002593514680938813,0.001966886222362505,0.0031895758584141315,0.002776946872472693,0.002151755616068795,0.002606876194477081,0.002443712204694741,0.0026379022747277624,0.00293161906301969,0.003156257793307284,0.003018336370587335,0.002207452431321132,0.0021873973309993397,0.002204550430178568,0.001941143535077604,0.002311605960130657,0.002993710339069401,0.002844010770786519,0.0029959450475871108,0.0022501293569802995,0.0014215297996998384,0.002794269472360599,0.002774138934910334,0.0028783120214939807,0.002469133585691501,0.002938332967460126,0.002420499920845068,0.00224099960178136,0.0026774744037538303,0.002367943990975657,0.002103890758007732,0.001991969067603408,0.0026832041330635704,0.0024322737008332608,0.0022076889872551238,0.0024303477257490488,0.002165287733078012,0.0018707662820815554,0.0019013509154319208,0.0018476471304893077,0.0019886575173586546,0.0026583522558211725,0.0019523650407791066,0.002085369080305079,0.002241410315036746,0.0026733782142400802,0.002805676776915732,0.003073737956583518,0.003397231164853901,0.003609232604503703,0.0040811095386743546,0.004373729228973389,0.0035720672458410398,0.0035042418166994697,0.0032801474444568365,0.002857981482520677,0.002858082763850576,0.002836906583979705,0.004798740148544256,0.0020128078758716514,0.002554073929786606,0.0017533898353576105,0.001541361212730366,0.0016886852681637155,0.001947896555066164,0.0014932975172997356,0.0013972520828247348,0.002897332422435421,0.0028629942826228125,0.002990495413541705,0.003937537781894152,0.003635201603174293,6.0,1
0.003792028874158936,0.004308335483074188,0.0032907314598560194,0.004488386213779415,0.004706181585788685,0.004950284957885673,0.0055334232747555,0.002051720395684184,0.0047126654535532535,0.005294937640428404,0.00795810949057343,0.004032921046018614,0.003991812467575039,0.003895636647939679,0.00502076186239719,0.005113860592246043,0.005211852490901926,0.005379179492592857,0.0054059401154517754,0.003962926566600827,0.0032981224358082303,0.002056390047073392,0.002262739930301935,0.0022673299536108034,0.002287705428898229,0.0018706005066633786,0.002307447604834998,0.0010424198117108114,0.001299509898672112,0.0009543863125145236,0.0007969150319694085,0.0019587874412536344,0.006202234537340647,0.0016514211893080347,0.0035379752516746243,0.0018222108483314093,0.002777351066470148,0.0037957355380057725,0.004044532775878885,0.003760099411010732,0.0040894690901041135,0.004039030522108057,0.004185516387224157,0.005231340765021707,0.003986999392509461,0.004258245229721111,0.0012914733961225024,0.002261710353195744,0.0030958838760853018,0.003036573529243476,0.002621431369334376,0.004387930035591167,0.0030748797580598,0.002285905880853537,0.000745136290788692,0.0038070417940616295,0.0016516544856132293,0.00478476053103798,0.007061369717121123,0.003197968006134075,0.003021653741598171,0.004929359536617932,0.004841617424972347,0.002130780369043289,0.003106359392404532,0.0035405512899159687,0.003817507997155082,0.004155021160841097,0.0006429720669984852,0.0031405924819410194,0.0015499182045459606,0.0012293495237826744,0.004064962267875728,0.0039807241410017465,0.004209892824292127,0.0029795281589030977,0.004804737167432816,0.005162317771464589,0.004711833782494065,0.003276951611042002,0.004049796611070576,0.00396208092570305,0.003917180001735722,0.0056809913367033005,0.005535870790481581,0.005383914336562101,0.005304932594299321,0.005208473652601225,0.005159622989594928,0.0051987729966640715,0.005332935601472931,0.0054131615906953924,0.0035472540184854906,0.00598987936973569,0.0035871788859367366,0.0050901854410767685,0.005117685999721268,0.003284212201833669,0.003074398264288864,0.003072079271078117,0.002333781681954829,0.0023559167748317,0.0030470602214336603,0.0019818525761365925,0.001606502570211962,0.0028940234333277213,0.0054848305881023286,0.0044665634632111186,0.005306443199515416,0.006168260239064717,0.002135589718818705,0.002407912164926439,0.002558025531470684,0.0009002238512038803,0.002940881066024359,0.0031640902161598557,0.0031347572803498217,0.00242518261075016,0.0024870885536075037,0.002327999798581113,0.0022416977444664394,0.0022552260197698424,0.004793113097548426,0.003469306975603132,0.0013858340680599696,0.0037169754505156772,0.002603936940431629,0.0044007152318954745,0.002941194456070629,0.003059593029320245,0.0015390645712615063,0.002948690205812448,0.006573334336280878,0.0026107421144844125,0.003654427826404585,0.00566801801323885,0.0065183863043785355,0.004802316427230821,0.005865119397640214,0.002362318336963723,0.006538847461342815,0.003419965505599948,0.002665227279067033,0.002385567873716361,0.002419599331915436,0.002361866645514908,0.00524682691320779,0.00404317677021028,0.0063956864178180564,0.0064728781580924285,0.006236176937818527,0.006936397403478661,0.00602554995566611,0.002200365997851028,0.0023004990071059327,0.002587038092315256,0.0018595382571219984,0.002091832458972866,0.0016017910093069124,0.0012844232842327313,0.0013341680169104767,0.0015199379995464862,0.0033848881721496573,0.002281252294778914,0.002954699099063811,0.0032256580889224373,0.003104746341705301,0.003052815794944777,0.005093198269605706,0.0060457102954387726,0.006387848407030147,0.006466925726272125,0.006952263414859772,0.002554703503847113,0.003801409155130385,0.005972243379801562,0.006613379344344184,0.005531489849090576,0.005280923098325761,0.0053405761718750755,0.005539987236261361,0.005589615553617522,0.0056230733171105645,0.0044188313186168116,0.004462115466594698,0.004445655271410968,0.004044517409056495,0.003037672489881453,0.0038916282355783978,0.002976531046442667,0.0026630149222910604,0.0043668621219694346,0.0044093914330006825,0.003877791576087565,0.005874544149264672,0.005111165344715042,0.004745963960886085,0.00536781176924709,0.002702694386243869,0.005770951509475623,0.005553941242396868,0.005795640870928777,0.005272937007248397,0.003057470545172816,0.005657154717482661,0.003013221081346325,0.003321538213640509,0.003418595995754029,0.006254690233618001,0.0027370750904083677,0.0056186243891715535,0.006033746525645275,0.004787437617778721,0.004679393023252459,0.004806667566299487,0.006078496575355613,0.003674040985060757,0.0027880631387234393,0.0032326728105545053,0.003130219876766157,0.003659717738628471,0.0019426713697612114,0.002233636565506404,0.0019608032889663514,0.0012172774877398313,0.0009094122797251179,0.001523517072200678,0.004151105880737194,0.0022057145833969567,0.002253592014312757,0.002239570487290614,0.002300702035427155,0.002331539988517789,0.002715130802243981,0.005168750882148632,0.0030919797718524647,0.0036541372537613258,0.003573082387447371,0.0034558027982711445,0.003278966993093484,0.0030356738716363144,0.003610685467720032,0.0032780617475509297,0.002820178866386473,0.0032233513193204123,0.0036963471211493328,0.0016069244593382402,0.0009704455733299047,0.005313649773597641,0.007141808047890719,0.003987241536378923,0.00808242708444587,0.005813823081552955,0.006198680493980708,0.0064638257026672355,0.006810117512941364,0.005647275596857115,0.005946583347395004,0.005566486099269039,0.006402497179806222,0.006737735588103415,0.006353141739964478,0.004620660562068172,0.007280215620994623,0.006272830069065025,0.006396893411874639,0.003827707841992365,0.003525014966726296,0.003752972930669777,0.0031794663518667395,0.002951374277472444,0.0034846682101488014,0.003258064389228793,0.00326411272544643,0.004542313516139943,0.004934839904308375,0.007062415592372455,0.004834186285734168,0.00442662835121152,0.004461549222469323,0.0042887176387012395,0.005165979266166645,0.006951310206204664,0.007211019517853817,0.008997756987810128,0.005576103925705022,0.0054008564911783435,0.0024763743858784355,0.0013002902269363679,0.0039361231029034285,0.00362795591354366,0.002935796452220453,0.0028894741553813085,0.007425230927765319,0.00394659489393239,0.006400887854397314,0.006921909749507859,0.009739284403622213,0.008461659774184224,0.008670924231410061,0.0071675721555948075,0.007703892886638594,0.003760062158107722,0.0034530460834502623,0.003280915319919562,0.0037889741361141617,0.0029447213164530486,0.0034503359347582644,0.0028075727168470985,0.004617553204297971,0.003164066933095393,0.003454362973570789,0.003675032407045361,0.005071420222520818,0.004951581358909662,0.004865065217018051,0.004762090742587996,0.0046688094735145074,0.003827942535281161,0.0038567697629331953,0.003987811505794515,0.004022813402116325,0.002271875739097616,0.0038651823997497853,0.003366584889590713,0.0034264102578162557,0.003334265202283887,0.003232032060623259,0.0035333335399627274,0.0046784719452261,0.004610160831361928,0.0039899814873933966,0.009620657190680566,0.008765209466218983,0.007418357301503435,0.0038775885477662477,0.006187750026583616,0.00819987803697585,0.009033120237290807,0.0066675711423159105,0.0060325898230074925,0.005647931713610888,0.006999311968684099,0.005083368159830607,0.004822507500648533,0.0057263374328612796,0.005662471055984487,0.005261003039777336,0.0050952066667378365,0.005019242344133056,0.005046541336923846,0.005703497678041479,0.0046294555068014795,0.006810987368226131,0.004185579717159257,0.0044646058231592785,0.005965843796730097,0.0052615264430641755,0.003581781871616849,0.007069742307066937,0.0047885105013847976,0.002706170082092257,0.005720218643546101,0.005082726478576612,0.0016448758542538036,0.0015143901109696124,0.004098944365978241,0.00045638531446461067,0.007137037813663483,0.004742637276649496,0.0037285275757312493,0.004098742268979471,0.0063971504569054,0.006859945133328453,0.006527668330818386,0.003434909507632271,0.003339417278766639,0.005516825243830693,0.003733698278665522,0.002763669937849135,0.006277495529502763,0.0060167689807712355,0.005886745639145305,0.006883483380079221,0.006176668219268282,0.006530314451083534,0.006844618357718009,0.007127062417566795,0.007245574146509173,0.007033303380012568,0.007047028280794738,0.0025625880807638307,0.004276383668184232,0.002696454524993959,0.0028285086154937267,0.003809077665209815,0.0054391408889386435,0.0004476234316825866,0.006010496057569903,0.005252048373222322,0.0046838987618684855,0.0027725622057914595,0.004287950694560963,0.004338888451457048,0.00447807833552355,0.004450485110282914,0.00442712008953095,0.002894866280257709,0.002882774919271417,0.0028253924101590572,0.0022019767202436764,0.003038158640265503,0.005435582250356747,0.0054718948085791756,0.005703253205865522,0.002837492153048486,0.0013805180788040929,0.005397962406277655,0.004555141320452123,0.005533717572689056,0.004708711057901335,0.005120340734720228,0.002891676500439609,0.003206430934369545,0.00389569997787476,0.003336317138746341,0.0027255932800471987,0.002454604022204937,0.005205929744988659,0.004351038485765384,0.0027259141206740787,0.0038701472803950756,0.0020708981901407,0.0021162033081054197,0.0014898236840963086,0.0015430971980094355,0.002029416267760061,0.004878342151641877,0.004797358065843561,0.0042941048741340715,0.005162693560123471,0.005486402311362357,0.005847665946930717,0.0063234735280275215,0.006793410808313524,0.007088244892656774,0.006769897416234072,0.005261123180389349,0.006101019680500055,0.005867796950042243,0.005695592146366853,0.005295996321365159,0.0053233320359139975,0.005269855959340949,0.0049889385700225535,0.003940567374229369,0.005152326077222685,0.004725597798824255,0.004261221736669521,0.004584226757287986,0.0035446751862764914,0.004234500229358672,0.0039152950048447,0.005540683865547258,0.005342753443983404,0.0054094418883323106,0.007320522330701264,0.006947398185729977,6.0,1
0.0012282989919186196,0.0024435371160506786,0.0018780454993247773,0.002246737480163512,0.002551935613155309,0.0026049464941024503,0.0026887357234954834,0.0013753697276114134,0.002523923292755973,0.002934003248810751,0.003459033556282445,0.0012771002948284288,0.0012188702821731845,0.0012165475636720727,0.0015044547617435351,0.001516668125987091,0.0016023274511099313,0.001697117462754246,0.0018473267555236626,0.002307474613189725,0.0017919726669788636,0.002596095204353291,0.001389490440487918,0.0012989430688321313,0.001217707991600014,0.0015181433409452649,0.001342595554888114,0.0018114635095115843,0.0014498428099615213,0.001903654541820305,0.0019331164658069524,0.0016447175294161155,0.002292879973538181,0.0015334151685236462,0.002702146768569905,0.002171579748392112,0.0010606031864881654,0.0011700764298439095,0.00111456215381623,0.001115277409553559,0.0011557787656784715,0.0010586474090814278,0.0011950619518756554,0.0016097074112622226,0.0022339075803756714,0.002285405993461692,0.0026652086526155853,0.0011488543823362405,0.001251675188541461,0.0011996887624263206,0.001492462586611492,0.002267725765705109,0.002776862122118385,0.002719813841394977,0.0022774189710617204,0.002316502854228027,0.0011475537903607134,0.0015094475820659585,0.0035842880606651592,0.0013367049396038055,0.0013809949159621845,0.0016152913449331314,0.001623831223696465,0.0028000315651297066,0.0012142378836869634,0.0025687776505947013,0.0027660969644784546,0.002177255228161858,0.002307744696736343,0.0023277984000742245,0.002800425514578764,0.0026552528142928947,0.0012221038341522356,0.0011049192398786788,0.001189470291137671,0.00126671232283114,0.0015637293690816368,0.0016094818711281085,0.0015867471229284735,0.0015432201325893818,0.0011902321130036991,0.0010632593184709688,0.0010783877223730434,0.0017717620357871422,0.0016338620334863142,0.001555996015667891,0.0015044119209051796,0.0015311483293771364,0.0015545869246124926,0.001607993617653819,0.0016313046216965069,0.001646246761083634,0.0012224782258272553,0.0034964978694916877,0.00215378776192663,0.0016558347269892554,0.001588888466358164,0.0015425272285938473,0.0012334566563367813,0.001419194042682724,0.0010108090937137977,0.0009823219152167314,0.0011918470263481591,0.001947494223713972,0.0022321483120322557,0.002745744772255391,0.001760307699441843,0.002689693123102171,0.0022373478859661934,0.0025641946122050264,0.0012929365038870672,0.001928724348545144,0.0014146817848086322,0.00219104811549177,0.0014494694769383034,0.0013535916805267616,0.002193674445152158,0.0017082802951336256,0.0013672877103090356,0.0009761808905752057,0.0011227544164285645,0.0011424466501921307,0.002328833565115845,0.002171579748392036,0.0025135278701782088,0.00214671343564983,0.0011938717216254185,0.003158271312713707,0.0014120223931968286,0.0012034708634018707,0.0017530173063277435,0.0012838691473007965,0.0035195946693419577,0.0014938293024898113,0.0018820129334926746,0.0026952698826789518,0.003093518316745869,0.002903625369072016,0.0028675273060798784,0.002654463052749634,0.0025221081450582106,0.002056907862424788,0.0010764477774500934,0.0024522468447685172,0.0013787914067508074,0.0014289645478128832,0.0015759617090225881,0.002234879881143563,0.0023431293666363404,0.0027976147830485604,0.002887830138206475,0.003037719056010302,0.002075174823403367,0.001460674218833585,0.0014462321996689224,0.0014300951734185687,0.002719752490520533,0.001601112075150117,0.0014572329819202696,0.0013286117464304946,0.0012243445962667708,0.0012987544760108495,0.002910189330577878,0.0012678038328886292,0.0014977641403675214,0.0011905059218406296,0.0013872571289538851,0.0013968944549560475,0.002396080642938649,0.002664051949977937,0.0026712901890277863,0.002324601868167573,0.0033543258905411183,0.0015726471319793805,0.0018521696329116546,0.0020964904688299067,0.002697421237826355,0.002994500100612696,0.0015456099063158348,0.001528706401586602,0.001634176820516555,0.0016601104289293012,0.001740531995892575,0.0013355640694499105,0.0013450961560010704,0.001354007981717682,0.0012958277948201848,0.0017688274383543465,0.0018988754600285825,0.0013652578927576798,0.0012705544941127665,0.0013934466987848301,0.0022082850337028226,0.0017676744610071497,0.0020262619946152228,0.0025679059326648643,0.002301421016454689,0.002640068531036391,0.0012848302721977511,0.0020660990849136443,0.0020364355295896717,0.0018895482644438707,0.0019137933850287827,0.001120439730584677,0.0020357033936306526,0.001352496910840239,0.001204956322908489,0.0015995022840798005,0.002138424664735756,0.0011961106210947106,0.002266064286232095,0.002382901497185241,0.0018119532614945587,0.002359285950660692,0.002071104943752317,0.0031142011284828464,0.001346355536952638,0.0013394877314566974,0.001490935683250448,0.0012725330889224935,0.0019497126340866785,0.001282152254134465,0.00182356685400002,0.0020038620568812427,0.002104872372001451,0.0022078519687055947,0.001972347497939994,0.002805344760417897,0.0015073008835315913,0.0012069530785084556,0.0010946490801870537,0.0013119410723448936,0.0012196172028779931,0.0013291907962411243,0.0033796131610870084,0.0012329295277595242,0.0018116757273674148,0.001949287950992529,0.0019476637244224613,0.00181681662797932,0.0012308303266763375,0.00206621736288079,0.0019134357571601519,0.0014288071542979033,0.0015289008151738994,0.0017618448473512415,0.0014431010931730062,0.0019802115857601825,0.0027226470410824308,0.003750372678041486,0.002441886812448564,0.004086233675479875,0.0030464860610664147,0.003292453940957841,0.003400745801627618,0.0035849213600157967,0.002868454903364191,0.003066553945245685,0.002860976172087132,0.00327173527330162,0.003388446755707136,0.003365384414792106,0.0015352668706327141,0.003824288025498411,0.0034031793475150372,0.003342282027006017,0.0020844070240855052,0.001249123364686959,0.0012193135917187153,0.0014009755104779677,0.0013395603746175627,0.0012474320828914955,0.00122534669935705,0.0009342697085230613,0.002595067024230873,0.0027031600475311834,0.003348447382450173,0.002506143413484025,0.0024713650345802108,0.0024282485246658256,0.0022578965872526377,0.002725780010223389,0.0032766736112535178,0.0033933967351914745,0.004451904445886563,0.00279871560633178,0.002740304451435952,0.0009858431294560224,0.0008679330348968506,0.00232047587633135,0.0021887049078941206,0.0010825748322531538,0.000978657044470298,0.003427861258387623,0.0021986141800880922,0.0032259011641144995,0.0034103505313396905,0.0046396548859775006,0.004106551408767686,0.004077371209859929,0.0034008789807558233,0.003818444907665336,0.001278012990951559,0.0013712607324123938,0.0013327319175005722,0.002207705751061468,0.0010231316555290996,0.001000190153718,0.0008323292713612214,0.0026778243482112954,0.0011004582047462325,0.0011495072394609484,0.0011580083519220352,0.0016572829335927842,0.0015734396874904429,0.0014773402363061072,0.0013878773897886346,0.0014306567609310358,0.0011983411386608505,0.0011711455881595507,0.0011808574199676306,0.0012041460722685,0.0014375485479831349,0.002064347267150962,0.0009618215262889324,0.0009963018819688868,0.0020829550921917447,0.0018646828830242645,0.002136331051588093,0.002470897044986458,0.002432203385978876,0.00213352404534815,0.004689097404480067,0.004201393574476341,0.0033924514427781296,0.0011617676354944526,0.003125218674540485,0.0037997290492057037,0.004127820022404141,0.0034987451508640844,0.003259915858507184,0.002826910465955805,0.0035311542451381852,0.002589140087366196,0.002710334956645952,0.0031359791755675784,0.0030070710927248283,0.002804392017424168,0.002713270951062432,0.002654709736816566,0.002605174668133229,0.002804474905133282,0.0025887377560138217,0.003430686891079036,0.0024558007717132013,0.0023465007543564675,0.0031375586986542026,0.00266616092994812,0.0019640279933810234,0.003668926656246279,0.002591107040643699,0.0014578849077224731,0.002847788855433438,0.0027268305420874925,0.0008739940822125244,0.0008941888809204518,0.002418823540210641,0.0008322969079017777,0.003658562898635878,0.001624701544642457,0.0022950917482376107,0.0021733576431870643,0.003378722816705711,0.0036014579236507954,0.003461007028818179,0.0010310900397599307,0.001975089311599773,0.0019058492034673934,0.0012975484132766169,0.0010215453803539417,0.003245720639824914,0.0030483184382319225,0.0029212227091193425,0.003457292914390523,0.0033860867843031267,0.003761078231036736,0.003987413365393917,0.0040453635156155,0.003979085013270442,0.00369002670049666,0.0036963243037462217,0.0015564560890197509,0.00250360742211337,0.0015789568424224856,0.0010373145341872614,0.0013156458735466279,0.00184849731158462,0.0007414147257804315,0.0030904784798622,0.0026809237897396504,0.0015938002616166787,0.001813039183616652,0.0013209544122218982,0.0012873709201813195,0.0013212393969296613,0.0013858452439308169,0.0014474224299192134,0.0010470328852533756,0.001157365739345554,0.0012256009504199358,0.0012267515994608715,0.001767214387655303,0.002745777368545605,0.002729888306930625,0.002838209737092215,0.0009435322135686717,0.001109089702367859,0.002646997570991518,0.0015492432285100224,0.002779971808195121,0.0024963766336440554,0.0018358221277594775,0.0009603379294275944,0.001824501901864948,0.001263060374185498,0.001851376146078091,0.0016507934778929086,0.0015522064641118336,0.0017549889162182964,0.0023276358842849697,0.001010766252875262,0.0013197725638746886,0.0010537132620811428,0.001478228718042332,0.000996626913547509,0.0013108178973197243,0.0013408339582383455,0.0025014821439981287,0.002765342593193061,0.0024561770260333946,0.002840563654899584,0.002743671997450245,0.00289686257019644,0.003117189276963516,0.003330732928588963,0.0035013509914277943,0.003545708954334287,0.0029944479465483648,0.0032539330422877745,0.0031179320067166853,0.003053498920053345,0.0028194105252623784,0.0027328575961291647,0.002664827508851977,0.0025487393140793397,0.002286314964294378,0.002675767987966524,0.002764791250228882,0.0025427527725696425,0.0026993378996849685,0.0020469948649407023,0.002518124878406525,0.0023911371827126104,0.002737529575824715,0.0026616723043844013,0.002690793946385345,0.0039247851818799105,0.0035178270190954035,6.0,1
0.0034434311091899594,0.004577793180942535,0.0037004910409449694,0.00223179906606661,0.0042672678828239285,0.0034040287137031555,0.002024229615926687,0.001486284658312725,0.0030219703912735506,0.00329354219138615,0.004534746520221296,0.003407523036003106,0.003031145781278611,0.0029891096055507838,0.005773510783910734,0.00645003281533715,0.006983324885368288,0.006893604993820204,0.005210286006331432,0.0045026913285255155,0.004050835967063918,0.00524394214153287,0.0012861602008342847,0.0011324775405228149,0.001083878800272971,0.001585697755217566,0.0013526454567908052,0.002449646861350494,0.0025162604506476396,0.002294214908033494,0.0019247466698288727,0.001880133524537052,0.002385844476521019,0.0016591604799031901,0.003930434584617559,0.002518333494663176,0.0006593959406018102,0.0032846070826052856,0.0029467511922120944,0.002656621858477585,0.003204569220542832,0.003376612439751597,0.003929644823074379,0.004052316260640386,0.0044614225625991535,0.004019558429718059,0.002277031540870705,0.000629030168056547,0.002809669822454376,0.0022105351090431487,0.001502151601016466,0.0030900985002517145,0.002124231308698611,0.0020147238392382843,0.005361869931221098,0.0029886420816182986,0.0022849210072308705,0.003831859212368727,0.003546118736267006,0.003278721123933785,0.003373242914676708,0.004732074099592897,0.0049763449933379975,0.0026174196973441986,0.002564845606684768,0.002574220299720733,0.002392252907157021,0.005083632655441772,0.003953831270337126,0.0034817242994905784,0.0028565097600220107,0.004042059183120707,0.0031688585877418657,0.002740019932389225,0.003435229882597913,0.003105999901890807,0.004971038860730826,0.0051253447309136365,0.004896616796031589,0.003998763859271975,0.0042326953262090215,0.003797382116317735,0.003239989280700614,0.004811063408851556,0.00634952820837505,0.0064516626298427035,0.00601655617356299,0.005642922595143375,0.005357399582862835,0.005413508042693143,0.005283243954181685,0.005068003199994542,0.002399604767560837,0.0035673528909684065,0.004182949662208496,0.00524441897869105,0.005279446952045011,0.0033212080597877225,0.0023780092597007717,0.0034359283745288363,0.00023127719759930088,0.00048818369396031374,0.0020015351474284783,0.00527177378535261,0.00389008456841107,0.0023330939002334647,0.004042973741889052,0.0029417537152767533,0.003123216331004989,0.0048260977491737045,0.001314053311944008,0.0022427439689638247,0.001469977200031277,0.0020174812525510163,0.0009301695972681704,0.0033462420105934768,0.002399478107690769,0.001694083213806076,0.0011268770322204313,0.00048632686957712947,0.0005382854142226715,0.0007811074610799794,0.0018654204905033493,0.0020952224731445104,0.002481339499354234,0.004480287432670607,0.001086397096514695,0.004866287112235995,0.0011291466653347696,0.001545579172670876,0.0018185898661612976,0.00261431187391295,0.003172755241394071,0.0016735112294554745,0.0028788931667803885,0.0029167495667934,0.0036163628101349016,0.00274446606636046,0.003078036010265392,0.004027776420116369,0.002228340134024634,0.004197325557470252,0.0008403584361076546,0.0030183866620062463,0.0012405002489686342,0.0013536317273974716,0.004928124137222728,0.0021948106586934107,0.002748867496848091,0.0028095357120037487,0.003253303468227345,0.002757722511887578,0.003176061436533985,0.0014777174219488872,0.0014736941084266596,0.001496468670666138,0.003054797649383684,0.0019335807301103687,0.0019803696777670665,0.0019288165494799165,0.0016925120726228235,0.001487351953983215,0.005180060863495026,0.0013087447732685294,0.00341740250587462,0.002298448234796493,0.00337981060147291,0.0029129087924957484,0.002478860318660684,0.0027380548417568623,0.0023851711302995994,0.0026316863950341515,0.003847561776638101,0.0017543183639645596,0.001524247229099357,0.0029168031178414483,0.0023973304778337717,0.002904906868934756,0.005501961335539818,0.00568565167486669,0.0057552233338356296,0.005634745582938257,0.00440644007176161,0.004455192945897545,0.00419296417385346,0.004030905663967061,0.0032780156470834697,0.00239567458629613,0.0014401450753211591,0.002028404502198048,0.00200701830908668,0.00451039196923375,0.002931855618953788,0.002305486239492883,0.0030163465999066496,0.002501565963029924,0.001858141273260075,0.002155408263206537,0.001797609031200402,0.0029708892107010573,0.003781148232519696,0.003419183194637285,0.003079116344451941,0.0012534670531749359,0.002853267127647976,0.001546282321214623,0.0017962907440960023,0.0024311356246471483,0.0027209762483835012,0.0015857070684432634,0.002807497978210401,0.0023546982556581445,0.003151855431497059,0.002532955259084639,0.0031149573624134445,0.0031715109944342873,0.002759657829301425,0.0011835042387246804,0.003776025027036681,0.003267843276262291,0.0038411095738410963,0.002524576149880913,0.002605424262583432,0.002432995475828613,0.001989937853068107,0.001786733977496591,0.0021797157824039078,0.003252185881137848,0.00157068669795999,0.0011916933581233686,0.0007166969589888678,0.0009405822493136988,0.0010469472035765162,0.0012597760651260758,0.004318013787269481,0.002949405461549752,0.0020812712609767844,0.00424248725175852,0.0042711757123470384,0.0042383410036564775,0.002779377624392457,0.0043813958764077066,0.004138637334108297,0.0016835881397128506,0.0016197475488298394,0.0016038725152611331,0.001462943851947715,0.0016767736524343664,0.0026774294674396376,0.003210015594959291,0.0039236806333066,0.0027087703347206393,0.002977430820465068,0.0030604540370405137,0.002975628711283293,0.0029547046869993106,0.0027059009298681038,0.00390087803680209,0.003689513461722451,0.003998378058895416,0.0038852896541357726,0.0026824679225682865,0.0025389667134732,0.0033051464706660076,0.002830572426319123,0.002728600054979366,0.002182197757065272,0.003237754106521565,0.002586962655186643,0.002629153430461849,0.002156214788556078,0.002521460875868739,0.0026291348040104016,0.0037200204242252757,0.0045890212059020025,0.0042509511113166965,0.00287469290196897,0.001871577464044127,0.0029656030237674505,0.002711988985538441,0.0019704513251781342,0.003523357212543501,0.003598147071897883,0.00328789064951712,0.0031803473830224194,0.0034917388111354,0.003405587049201045,0.0025891677942127106,0.002183988690376254,0.0029245689511298648,0.0031332969665527344,0.00368295091902829,0.0034874437842518017,0.0031628287397325464,0.002505704760551501,0.0036909133195876967,0.003602946177124925,0.0038999312091619344,0.0026597250252962217,0.002975742332637368,0.0027671866118907647,0.002458024770021425,0.0030718259513378213,0.002439841628074743,0.0024306531995535625,0.002780416980385825,0.003721093438798594,0.00453576538711791,0.0031804409809410824,0.003926206380128895,0.002724957652389941,0.002794774249196056,0.002852803096175152,0.0054291281849146045,0.006998401135206299,0.006968894973397279,0.006214827299118042,0.005474315956234935,0.0044097630307078466,0.0048869280144572536,0.005349170416593576,0.005533302202820783,0.0019558668136596073,0.0024907439947127463,0.003937504254281577,0.004361915402114421,0.003215935081243522,0.002200463786721268,0.003135364502668457,0.0018983609043062878,0.0020025693811476014,0.00232127308845519,0.0035894885659217353,0.002905034925788609,0.003456910606473561,0.004323851782828563,0.003559786826372185,0.002933820709586199,0.004196022637188407,0.0030188225209712965,0.002586919814348235,0.002565611153841033,0.0031231679022312303,0.0019694706425070537,0.003678530454635585,0.0025980100035667424,0.002439461648464161,0.0023247729986907075,0.0022778180427849284,0.0022014658316038163,0.002129726344719468,0.0021557845175266717,0.0021601542830467922,0.002845395356416633,0.004477314651012324,0.001989163458347289,0.0026663243770600475,0.00208485033363108,0.00201886147260664,0.0032840538769959675,0.0031590051949024053,0.002161800861358615,0.002661058679223029,0.0034355446696281433,0.0020716302096843095,0.002650521695613833,0.0026774331927299213,0.002091206610202789,0.002611666917800959,0.0023551853373646858,0.004121724516153329,0.002042494714260124,0.002803534269332851,0.0032508010044694107,0.0032598790712654955,0.0045850845053792355,0.002297472208738341,0.0030633807182312237,0.002545259892940556,0.0027952156960964693,0.003113536164164508,0.0028887568041681857,0.002705316059291354,0.0027267634868622173,0.003072659950703411,0.0033314595930276822,0.0036152480170130257,0.0036922027356923017,0.003562889061868178,0.002666465938091306,0.0032358923926949328,0.0023000054061412148,0.003274131566286094,0.0031038001179695893,0.002215817570686437,0.002165619283914532,0.002839261549524988,0.002461098134517684,0.002765555866062737,0.0021277405321598816,0.002752244472503683,0.0023697912693024376,0.0050239525735378465,0.005560830235481228,0.006231328472495154,0.0064986106008291826,0.0050440020859241295,0.0027496749535202442,0.0027840100228785827,0.002713217400014433,0.001770658418536155,0.0019431337714194872,0.002109289169311589,0.0025936528109014754,0.002797022461891124,0.002648452296853095,0.0017232857644557953,0.002557815983891445,0.003285638056695441,0.002273358404636411,0.0025193504989146627,0.0037141200155019686,0.0025634318590164198,0.0019712029024958784,0.0029461120720952467,0.0018156347796320614,0.0018605981022120114,0.0015168460085988019,0.002926269546151089,0.002375550568103766,0.002080848440527961,0.0022188648581505255,0.001805577427148788,0.0022658072412013947,0.0015843063592910589,0.0024666786193846962,0.0012255712063051695,0.001964965835213571,0.0038972459733486453,0.003149870783090543,0.004097826778888702,0.00337190646678214,0.0036702924408019296,0.003631796687841351,0.003553586779162208,0.003351869061589191,0.0028770938515662765,0.002837732434272752,0.002791201695799838,0.002703396603465084,0.0026821764186024154,0.0025392789393663857,0.0024305854458361994,0.002220676979050104,0.002696707844734248,0.0027536824345588268,0.0026482604444027433,0.004414424300193828,0.004258330911397962,0.004187416285276475,0.0024580024182796235,0.004401706159114852,0.0039844438433646965,0.002521794289350423,0.0022375002736226388,0.0021655233576893546,0.003438701853156104,0.003508739173412309,6.0,1
0.0042610168457030756,0.005734525620937334,0.004681732505559853,0.00231415405869477,0.0052391216158867715,0.003899000585079207,0.0022197626531124254,0.0025570932775734927,0.00390658341348171,0.004462691023945798,0.006363661028444755,0.004188656806945836,0.003776829689741128,0.0038263648748398313,0.0056458041071891256,0.006263738498091698,0.006802434101700776,0.006845971569418945,0.005529127083718785,0.0056695491075515895,0.005201000720262465,0.006806187331676511,0.001874542329460204,0.0020546913146971485,0.0021954420953990226,0.002588886767625777,0.0016799303703010082,0.0027292589074929857,0.002657182980328695,0.0026407307013868765,0.0022354442626238693,0.002802433446049673,0.002961219870485402,0.0026385392993688787,0.004734329879283877,0.003217451274394996,0.0009574489668011457,0.004077576100826236,0.0036195684224367038,0.003372026607394194,0.003643454983830424,0.004015196114778484,0.004244569689035496,0.0040804260643197456,0.0056981742382050116,0.004951268434524564,0.002617602236568971,0.0003534033894537908,0.0036016181111335342,0.002775225788354846,0.0021021254360676853,0.003623321652412415,0.003999115899205284,0.0033046940807252984,0.006886925548315125,0.0043786056339740545,0.002168290084227902,0.0037701732944695923,0.0036798045039176937,0.0042033679783344685,0.004248123615980204,0.004553465834760557,0.004720957716927,0.002939504571258928,0.003318542614579267,0.004411775618791625,0.004238443449139706,0.006685972679406391,0.004977464675903303,0.00459431204944851,0.003271803259849517,0.005093298852443667,0.0038909576833247718,0.003475004807114577,0.0038079526275396334,0.0039182621985673965,0.0047056034286470025,0.004919949918985424,0.004645705688744722,0.005114410072565065,0.004502294585108729,0.004341697320342113,0.003946479409933082,0.00510769058018923,0.00630195625126365,0.0062665138393639686,0.005838083103299138,0.0054734796285630105,0.00511971674859525,0.005205649882554999,0.005202166736125925,0.00505637843161815,0.002703083679079947,0.0039630234241485604,0.005285259336233111,0.004965639673173368,0.005037986673414757,0.0043170563876628815,0.003044510260224419,0.004332616925239542,0.000362869817763521,0.0010347692295908538,0.002555800601840057,0.006827559322118714,0.004922138992696865,0.0037206653505565093,0.004204643890261683,0.004481997340917671,0.00438715890049917,0.006488032639026664,0.002399453893303927,0.0029923357069493732,0.0014578383415938304,0.002680098637938437,0.0007484629750252186,0.004240952432155651,0.003039114177227055,0.0024480614811180808,0.0018677357584238046,0.0013393885456025574,0.0011267964146100327,0.0009265004191547883,0.0019280184060335296,0.0027828998863696705,0.003010272979736189,0.005729004740715028,0.0009609758853912457,0.005974426865577698,0.0008596922270953126,0.001961320638656568,0.0027442499995231693,0.003192082047462512,0.003351971507072421,0.001439134590327783,0.003403346985578516,0.003321390599012333,0.0037392452359199936,0.00293774902820583,0.003470264375209823,0.00507758557796474,0.0027423789724707586,0.005331929773092291,0.000772872008383307,0.0036470890045166094,0.002357351593673164,0.002281576860696098,0.004779389128088964,0.0028730928897857666,0.003185062669217647,0.002751909196376773,0.003214407712221104,0.004062442108988863,0.003720314241945794,0.002171199768781576,0.0019633406773210665,0.0016957288607954179,0.0036271363496781506,0.0015016971156000865,0.001694664126261943,0.0017320588231085968,0.0018862802535294816,0.002120696008205376,0.006661251187324553,0.0024534026160835023,0.004295006394386271,0.003020938485860783,0.004338927567005192,0.003846555948257467,0.0027626454830170307,0.0030056871473789076,0.002631952986121216,0.003245271975174492,0.003960415720939636,0.0014547174796461506,0.0015036799013615554,0.003546800464391713,0.002627383917570166,0.0032211765646935767,0.005305891856551174,0.005481760948896478,0.005672171711921643,0.005628593266010357,0.004623902030289172,0.0044050421565770895,0.004178953357040927,0.004072602838277839,0.0033074757084250025,0.002354960888624157,0.0013931114226580286,0.001951826503500213,0.0016856389120221726,0.004497637506574472,0.0027528852224349767,0.0024122521281243307,0.003500012448057512,0.002540644258260734,0.0020118802785873482,0.002335086464881994,0.0019195489585399968,0.0038096019998193273,0.004496616311371365,0.004026201553642786,0.003285792190581577,0.0016777720302343074,0.003251440590247429,0.001577046932652532,0.002024723682552662,0.002322383224964095,0.003454331308603284,0.0017765648663043835,0.003064328804612149,0.0028533078730106163,0.0031559849157928675,0.0029188953340054113,0.0030494984239340765,0.003558531403541496,0.002744894736679291,0.0009937882423401675,0.0048722065985203405,0.0041651539504527785,0.004757218062877669,0.0029816834721714818,0.0034999870695174053,0.003405169816687699,0.002900260151363807,0.002415520139038596,0.0029665194451809107,0.003761194646358532,0.0024788584560157013,0.0021529700607061017,0.0017543965950607828,0.001510781235992944,0.0013345177285373063,0.0011776760220527155,0.005096346139907781,0.0037757046520710213,0.0021837577223777567,0.005463458597660051,0.005488209426403054,0.005437850952148521,0.0035260561853646642,0.005630366504192352,0.005285374820232336,0.0013475129380822494,0.0012898013810626807,0.0014293179847299257,0.002389036118984097,0.0023906920105218853,0.0026366785168648052,0.003124816343188286,0.004676632583141389,0.005561046302318545,0.0026593790389597733,0.0028999163769184953,0.002960176207125126,0.0029869824647903304,0.002385574392974291,0.00428416806971632,0.0038181351847014467,0.0044129274319856865,0.004250771366059827,0.002980597317218833,0.0035928866127506076,0.003270816057920473,0.0034467950463294983,0.0033346749842167595,0.0020522763952612443,0.004070423543453243,0.003476770594716138,0.0035403147339820406,0.003005497157573728,0.003295864909887234,0.003284249454736769,0.004103498562471762,0.005597554147243417,0.005054764449596419,0.004221549257636185,0.0018890984356403524,0.0031435973942279885,0.002715352922677952,0.002138117328286025,0.0039141550660133076,0.005085307173430808,0.0047710423386888925,0.0057390406727790685,0.004579266533255598,0.003265300998464195,0.0028978444170207115,0.0014096647500991266,0.0032972767949103893,0.0035890601575374603,0.00391275470610701,0.003776260884478732,0.004448826890438852,0.002650521695613865,0.005116252228617672,0.004868427291512531,0.0060598237905651895,0.004002107307314876,0.0037595410831272936,0.004131065681576587,0.004043579101562507,0.003921858966350575,0.0034203324466944643,0.003066359087824873,0.003067856654524883,0.0039668268582318655,0.004753228276968042,0.0035139075480401525,0.004541881382465404,0.003360495902597918,0.003520555794239083,0.003667283803224519,0.005684764124453121,0.006920069456100488,0.0067839063704013365,0.006073145195841831,0.005389040336012875,0.004591342061758061,0.005040110088884832,0.005561579018831229,0.005725597962737158,0.002809179946780144,0.0027841031551360806,0.004138228483498165,0.0045703547075390365,0.0039090923964977264,0.002490930259227745,0.003717835992574698,0.002047217916697304,0.0022588436258957328,0.0023522861301898818,0.005959972739219614,0.0039351559244096045,0.004772733896970674,0.004636620171368125,0.004612373188138015,0.003865841776132504,0.00617522001266472,0.003054489381611403,0.0029998719692230225,0.0022465139627456613,0.003672672435641258,0.0019568260759115076,0.004041716456413262,0.003065671771764762,0.002874052152037579,0.0027054678648710875,0.002539087086915912,0.0022557471529580314,0.0020809737034141193,0.0023315362632275426,0.00262017548084266,0.0037710070610045103,0.0055391415953635476,0.0017707068473100387,0.004518032073974637,0.0020542195998132272,0.0020332019776105933,0.003424433991312932,0.003303930163383512,0.002306148409843361,0.002246436662971923,0.003688007593154887,0.002790160477161421,0.003058649599552099,0.0029713213443755965,0.002172611653804737,0.003942236304283253,0.004166818223893684,0.00511864572763443,0.0016963128000497536,0.0034179612994193823,0.003087306395173085,0.003006681334227305,0.004798559006303554,0.002116531133651748,0.004208730533719059,0.0042212456464767786,0.0038408935070037694,0.0027750097215174995,0.002509955316781937,0.0023307111114263656,0.003712173551321092,0.0027697472833096647,0.0031394246034323198,0.003486468456685517,0.0035614869557320725,0.0034535881131886968,0.005249209702014922,0.003144268877804212,0.002935675904154743,0.0036439970135689202,0.0038421377539635186,0.0034550912678242285,0.003978451713919629,0.0039554967079311375,0.0021430104970932146,0.002417077310383393,0.002268902957439506,0.004436314105987497,0.002400957047939287,0.0050515290349721935,0.005558116361498822,0.0061914436519145966,0.006482798606157345,0.005241310223936972,0.0032294411212205297,0.003232110291719416,0.003144668415188812,0.0025028935633599303,0.001835776492953245,0.002179300412535671,0.0026067001745105267,0.0025813025422393447,0.0031492263078690234,0.0019911080598830552,0.002860156819224361,0.0038417510222643024,0.0024523250758647502,0.002358946949243573,0.0044234702363610936,0.002944883890449992,0.002146769315004385,0.003454345744103169,0.0020674613770097308,0.0023450530134142213,0.0021113012917339524,0.003666248172521521,0.0021923761814832,0.0031894352287054127,0.003597063943743669,0.002608118578791568,0.0019198358058929027,0.002484990283846831,0.0017190799117088318,0.002154878748115116,0.0019949637353420084,0.004460282623767853,0.003449916839599589,0.004643552005290985,0.003664513234980406,0.004374722018837869,0.0047173195052891475,0.004568317206576418,0.004193687811493764,0.0032523013651370204,0.0031893998384475986,0.0030007455497980287,0.002905180677771545,0.0027410336770116554,0.002373512368649239,0.0022666065488011426,0.0020335791632533334,0.003630265593528692,0.002990383654832875,0.002531521022319821,0.005224734544754028,0.005085658282041543,0.004932571202516618,0.002743901684880253,0.005353003740310669,0.004843503236770588,0.002228514291346005,0.0021178738679737768,0.0022091809660195983,0.003380648791789981,0.003754330798983557,6.0,1
0.003798823803663233,0.006067141890525775,0.004895735532045337,0.0033759959042071533,0.005675651133060468,0.004548862576484736,0.001635327935218818,0.0021410323679446727,0.001648241654038398,0.0018522031605243824,0.001921627670526475,0.0035949833691120772,0.003089368343353188,0.002685716375708573,0.005134308710694327,0.0057375170290470436,0.00653185881674289,0.007321627810597384,0.0069307200610637856,0.005992382764816298,0.005291681736707693,0.006437808275222931,0.0010893996804954473,0.0011765742674471162,0.0017444249242544296,0.0025973692536354967,0.0012032324448227455,0.0020221907761880232,0.001469562645070238,0.0022478601895272385,0.002384978346526607,0.0033670552074909,0.0036772558232769093,0.0025278571993113085,0.005946569144725758,0.004329945892095614,0.0016320282593369102,0.0036171562969685095,0.0027941800653933785,0.002725657075643473,0.002632344141602575,0.0030141863971948554,0.003021154552698121,0.003102933755144389,0.006062477827072213,0.005478963255882277,0.0043784398585559785,0.0013299556449056,0.003982633352279712,0.003296017646789516,0.0028123417869211683,0.0044611245393752896,0.004136746749281764,0.004193300614133407,0.005704019218683229,0.002657670527696689,0.001002800185233437,0.0029608590994029326,0.005763940513134114,0.004168186336755801,0.00427215173840529,0.0032833202494657212,0.0033047096803784965,0.004541222937405212,0.0036246329545975148,0.0036780508235096853,0.0038435515016317437,0.003811283037066496,0.004888279363512962,0.0029713702388106267,0.005005858838558218,0.005492664873600048,0.003309085965156541,0.002658834680914861,0.0027288999408483124,0.0040921010076999725,0.003338624490425041,0.0036877654492855905,0.0032460899092256732,0.00529286637902264,0.0031212139874696662,0.003163265064358746,0.002927899360656739,0.006107737310230739,0.0062807165086269144,0.005718672648072289,0.005229907110333481,0.0047971345484257,0.004129734821617596,0.0042066518217325,0.0041447561234235625,0.004040548577904632,0.002216389402747234,0.006491973996162387,0.00553680583834653,0.003819954581558725,0.003782159648835674,0.004306178539991379,0.003219164907932348,0.004365261644124922,0.0013421750627458824,0.0017450152663514627,0.0029984693974257357,0.004835031926631903,0.0040664607658981895,0.004212363157421157,0.0034147058613598767,0.003003729507327007,0.002064056694507564,0.0027810959145426373,0.0022147744894027536,0.003984436392784174,0.0012252917513251253,0.0034128297120333065,0.0014796983450649794,0.004665810614824323,0.004797089844942093,0.0034477617591617965,0.002589246258139697,0.001602249685674891,0.0010630148462951207,0.0011388933053241164,0.0016251485794782881,0.004539221525192157,0.00433551520109168,0.005977801978588118,0.001893521286547245,0.006976231932640048,0.0011737861204892687,0.002372276969254018,0.002905134111642741,0.0037675350904465134,0.006159573793411172,0.00105503574013705,0.004129931330680813,0.002843104302883093,0.00361144542694096,0.005645751953125,0.004008851945400238,0.005771137773990617,0.00347070675343278,0.005488902330398629,0.001691104844212447,0.005016028881073026,0.001519333571195625,0.001296808943152393,0.0035509956069290803,0.004291962832212386,0.004143114201724484,0.002631369978189496,0.0026849210262298306,0.0013801194727419905,0.004843648523092249,0.001263500656932621,0.0012548770755528135,0.0012082559987901947,0.005067415535449933,0.0016097449697553786,0.002353647258132723,0.002801337745040624,0.003026783466339037,0.002762684598565105,0.006748050451278603,0.0018392326310277785,0.0042174011468886965,0.00272936001420018,0.004525110125541729,0.003729674965143148,0.0010006427764892023,0.0026949681341649004,0.002640575170516975,0.004431212088093228,0.004998438060283647,0.0010710768401622946,0.002282187342643724,0.00510392431169748,0.0032528918236493856,0.005417436361312922,0.004614861682057346,0.004777232185006173,0.004866147413849768,0.005127577111124958,0.004655265249311954,0.0030476329848169678,0.0029103178530931265,0.002880912274122304,0.002623462118208381,0.0029446594417094803,0.0015290342271328144,0.0007999558001757763,0.0010732752270996267,0.003079105168581007,0.003062400966882657,0.0011005261912941187,0.004076469689607611,0.0034681148827075195,0.002435296773910425,0.002506174147129059,0.002698842436075245,0.005464488640427577,0.006055973470211057,0.005274757742881711,0.0027959900908172282,0.0019062478095293078,0.0029347320087254863,0.0023193610832094947,0.0020436048507691323,0.002757462672889283,0.004694193601608226,0.0024356637150049487,0.002815270796418079,0.002711393870413276,0.0029053576290607947,0.003941714763641455,0.003016361966729216,0.005094699561595889,0.0025646807625889336,0.0020580291748047846,0.00516541674733164,0.004391632974147748,0.005252175033092485,0.0013839793391525507,0.002028129762038616,0.002603527624160017,0.0028709415346384226,0.003210572525858808,0.0035158544778823987,0.005836188793182331,0.0028397496789693967,0.002285042777657514,0.0015123980119824947,0.0009555285796521924,0.0011299927718936473,0.0010216035880147953,0.0067548006772995,0.003967124968767222,0.003135085105896024,0.0057933330535889106,0.005600638687610625,0.005602091550827013,0.003674721345305439,0.005778178572654655,0.005403537303209312,0.0011736918240785564,0.0009371939813718627,0.0010796813294290447,0.002516055479645837,0.002695459872484065,0.0032708421349524827,0.002290412783622756,0.004991944879293464,0.0036258101463317455,0.0016821119934321768,0.001934618689119784,0.0020501008257269426,0.0022138580679894253,0.0013489387929439074,0.0018352899351155609,0.0016750439499446006,0.0020329500548540453,0.0022625382989644397,0.0025376696139573496,0.00514635053696098,0.002262748777866357,0.0032729655504226685,0.002450410276651438,0.0031277239322663013,0.003686994314193789,0.002824824303388644,0.0031714029610157256,0.003252105787396424,0.002290716394782129,0.0023949518799781765,0.004802923154784432,0.005909271538257557,0.00541966408491143,0.0017740502953530073,0.0019986564293504373,0.003905393183231389,0.0035887733101845273,0.003233377821743421,0.004395522177219335,0.0012999651953578125,0.0013153702020643773,0.0034731663763522057,0.0007713064551354669,0.0015174732543528481,0.0035738419974222554,0.003875382244586903,0.003835078328847927,0.004195988178253146,0.0039862411213107156,0.0038043276872485655,0.0018958766013382566,0.0035775788128375725,0.0011497493833303,0.001521263271570178,0.002799701411277068,0.002679791301488814,0.0020948238670826,0.002004316076636193,0.002870913594961173,0.0033649206161499925,0.002835003659129105,0.0029013082385063484,0.003746936097741151,0.003964552539400715,0.005068302154541014,0.003592306282371247,0.004863325506448746,0.00222585909068582,0.0018708072602748801,0.002325890585780092,0.00730039551854128,0.007809981703758229,0.007055433467030545,0.0060526989400386975,0.005378697067499123,0.004978006705641712,0.005366658791899733,0.0060608591884375035,0.006421467289328495,0.003411473706364632,0.0037432312965392507,0.0045300256460904425,0.004866629838943482,0.004252254962921094,0.003292230889201171,0.004298686981201136,0.002442242112010757,0.002703719190321889,0.003383155912160936,0.0033483430743216844,0.0026610046625137745,0.0019174045883119965,0.005816641263663769,0.0011123251169920627,0.0013900734484194946,0.0021422309800982163,0.00216303765773776,0.0030886605381966327,0.001330478116869883,0.0022161044180393323,0.0016810232773423039,0.0044047236442566326,0.0035037249326706,0.0031516551971434268,0.003035920672118727,0.002529099350795156,0.0021057820995338365,0.0017012599855661464,0.0014150626957416222,0.0038534924387932383,0.002114322036504669,0.00579548627138135,0.0026581007987260125,0.003956586122512817,0.0013815588317810995,0.003296438604593208,0.002333248034119644,0.003784671425819439,0.003967255353927585,0.0014394568279384975,0.004083734005689593,0.004082940518856021,0.003971226513385773,0.0041380003094672185,0.003967404365539606,0.0031553357839583795,0.0047266082838177854,0.005399905145168325,0.002846440300345336,0.002848621457815212,0.002186805941164412,0.0020185909233986594,0.005087249446660328,0.004014730453491239,0.004995565861463588,0.004349820315837805,0.004238266497850411,0.0017072367481886911,0.0015805186703800153,0.001443089917302076,0.002430751919746441,0.0011510457843542012,0.0012996220029890776,0.0014504399150610575,0.0015589725226163914,0.001863487064838384,0.003918886184692494,0.0023087887093425005,0.003327241167426106,0.004162933677434935,0.0037795789539814212,0.004253309220075621,0.004364579916000394,0.00521826744079595,0.0037644654512404563,0.0013132449239492414,0.0021118037402629575,0.004682520404458122,0.004276685416698525,0.0053023342043161574,0.005866276100277845,0.006866451352834771,0.0074927657842636455,0.006792283616960099,0.002805194817483461,0.002826902084052587,0.003076743334531786,0.003368957433849561,0.0035074632614851,0.001393236219882986,0.0006161190103739981,0.0012991419062017926,0.002693980000913141,0.0037442073225975453,0.0003569750115275296,0.005738507024943875,0.002392131835222245,0.0030253380537033077,0.006301240064203658,0.004275848623365195,0.00332271307706836,0.005131400597747446,0.003309359773993491,0.0033867321908473557,0.003459251951426289,0.005612126551568546,0.0031138863414525712,0.004030268639326136,0.004530374892056061,0.003663798794150353,0.004005268216133159,0.0036894157528877115,0.0042575523257255,0.003271285095252147,0.0023694988340139285,0.0048157833516597965,0.004017658531665816,0.005108915269374834,0.0008643678156658647,0.0012256251648067686,0.0015065253246575793,0.0017512498889118804,0.002040724270045759,0.002279188483953448,0.003692127764225076,0.0026681721210479944,0.0025144675746559693,0.002196989022195366,0.0019280775450169602,0.0014494557399302426,0.0012380087282508633,0.0037996172904967694,0.003694411367177922,0.0030354969203472137,0.005471147596836076,0.005368381738662735,0.005234126001596506,0.003415690734982414,0.005638740956783378,0.005226004868745825,0.001258100382983636,0.0009210347197950672,0.0009498959407210707,0.002020169049501353,0.002336047589778883,6.0,1
