0,0,0,0,0,0,0,0,0,0,0,0,0,0,0,0,0,0,0,0,0,0,0,0,0,0,0,0,0,0,0,0,0,0,0,0,0,0,0,0,0,0,0,0,0,0,0,0,0,0,0,0,0,0,0,0,0,0,0,0,0,0,0,0,0,0,0,0,0,0,0,0,0,0,0,0,0,0,0,0,0,0,0,0,0,0,0,0,0,0,0,0,0,0,0,0,0,0,0,0,0,0,0,0,0,0,0,0,0,0,0,0,0,0,0,0,0,0,0,0,0,0,0,0,0,0,0,0,0,0,0,0,0,0,0,0,0,0,0,0,0,0,0,0,0,0,0,0,0,0,0,0,0,0,0,0,0,0,0,0,0,0,0,0,0,0,0,0,0,0,0,0,0,0,0,0,0,0,0,0,0,0,0,0,0,0,0,0,0,0,0,0,0,0,0,0,0,0,0,0,0,0,0,0,0,0,0,0,0,0,0,0,0,0,0,0,0,0,0,0,0,0,0,0,0,0,0,0,0,0,0,0,0,0,0,0,0,0,0,0,0,0,0,0,0,0,0,0,0,0,0,0,0,0,0,0,0,0,0,0,0,0,0,0,0,0,0,0,0,0,0,0,0,0,0,0,0,0,0,0,0,0,0,0,0,0,0,0,0,0,0,0,0,0,0,0,0,0,0,0,0,0,0,0,0,0,0,0,0,0,0,0,0,0,0,0,0,0,0,0,0,0,0,0,0,0,0,0,0,0,0,0,0,0,0,0,0,0,0,0,0,0,0,0,0,0,0,0,0,0,0,0,0,0,0,0,0,0,0,0,0,0,0,0,0,0,0,0,0,0,0,0,0,0,0,0,0,0,0,0,0,0,0,0,0,0,0,0,0,0,0,0,0,0,0,0,0,0,0,0,0,0,0,0,0,0,0,0,0,0,0,0,0,0,0,0,0,0,0,0,0,0,0,0,0,0,0,0,0,0,0,0,0,0,0,0,0,0,0,0,0,0,0,0,0,0,0,0,0,0,0,0,0,0,0,0,0,0,0,0,0,0,0,0,0,0,0,0
0.002166561782360084,0.004053942859172863,0.003189861774444698,0.0024807080626487177,0.0038967952132225175,0.0032724216580390375,0.0024537034332752783,0.001649441197514534,0.0032451562583446503,0.0037776716053485905,0.006151500492705936,0.0019800625741481157,0.0016567409038544326,0.0017608851194381783,0.003046788275241741,0.0034781321883201044,0.003907170146703727,0.004337798804044661,0.004268385469913427,0.0038881376385689337,0.003404829651117318,0.0025517493486403725,0.0017873579636216164,0.001675422303378582,0.0016033453866839964,0.001672415062785152,0.0019388264045119303,0.002670797985047101,0.002763210330158472,0.00267825648188591,0.0025128042325377464,0.0015220716595650274,0.0035053519532084482,0.0016348902136087452,0.0011330768465995927,0.0014283955097197862,0.001620342954993196,0.0019012875854969025,0.0012813247740268777,0.001225393265485819,0.0012397188693284988,0.001143474131822586,0.0014689993113279343,0.002482965588569643,0.003967456519603674,0.0037005543708800714,0.002222361043095592,0.0016046259552240927,0.0023537278175352963,0.0022312067449091824,0.0014895279891789515,0.0030905753374099176,0.00264594890177261,0.0025013098493219523,0.0033570006489753723,0.0029058735817672453,0.002652211114764271,0.002082356950268149,0.003101170063018799,0.002572212368249824,0.0026774704456329276,0.0022846818901598454,0.0021734461188316345,0.0024570114910602587,0.002092316746711724,0.002751599997281971,0.002915937453508377,0.005038056522607831,0.0030058175325393052,0.004195072833681479,0.0022140108048915863,0.0024594143033029314,0.0015451647341251304,0.0009601823985575936,0.0013020075857639833,0.002450954169034847,0.002263675909489394,0.002448953688144743,0.002058329060673771,0.003345787525177002,0.0015122406184672789,0.0013281088322401081,0.0014934763312339158,0.003804877400398369,0.0037277229130268166,0.0033287145197390955,0.0028834454715252963,0.0025986917316913605,0.0022168327122926677,0.002391019836068261,0.0027439687401056255,0.002896340563893325,0.0012420080602170182,0.0021472573280334473,0.0035795606672763824,0.0020853243768216324,0.002305213361978531,0.002749640494585044,0.0018735360354185104,0.002752386033535066,0.0016208775341510218,0.0016457154415548399,0.00199035927653312,0.004173681139945984,0.0035035256296395666,0.002727600862271917,0.002605520188808441,0.0033261813223362524,0.004808898083865698,0.005670608486980172,0.0016311649233102798,0.0013093017041682017,0.0021015228703617495,0.0020976178348064457,0.0017687790095806122,0.0029049441218375605,0.001105461269617039,0.0014870706945657175,0.0015832670032977485,0.0015660407952964306,0.0015573627315462741,0.0017545823939144056,0.0023279245942830484,0.001651801168918561,0.0018443539738656756,0.00388812273740774,0.0018257983028888182,0.001494184136390686,0.0019482551142573912,0.001792863011360113,0.0018474161624908447,0.0025857053697109222,0.0025932341814041693,0.0021209083497524817,0.0027916431427003063,0.00310458987951278,0.003972984850406647,0.0019846186041831415,0.0030544325709342957,0.0017783418297766668,0.0038548540323972147,0.003563694655895226,0.001696380786597675,0.001245550811290741,0.0017426759004594006,0.0017988793551921844,0.0025700768455863554,0.0022348761558532715,0.004067341156769488,0.004142388701438897,0.00413071364164358,0.005219301208853666,0.003810009686276372,0.0018739830702542704,0.001965443603694326,0.0020833667367696172,0.0017429925501346658,0.0019269054755569632,0.001715322025120371,0.001646637916564938,0.001554071903228647,0.0015936195850372314,0.001608684659004045,0.0016584098339081366,0.002708990126848221,0.0014899019151926006,0.0027360245585442144,0.0022301897406578133,0.0028117168694735094,0.003441074863076262,0.0036535384133458103,0.004067339003086146,0.003656625747680664,0.002050541341304831,0.002000659704208589,0.0038387589156628245,0.00407699123024946,0.0025830641388893683,0.002183899283409115,0.0024235174059867304,0.002760421484708786,0.0030111037194728435,0.002870216965675295,0.0018029902130363706,0.001782197505235672,0.0017384719103574788,0.0012448923662306006,0.0019554216414689983,0.0020559802651404224,0.002603505738079548,0.0024491678923368454,0.0017583649605512654,0.0025791078805922907,0.0026518069207668304,0.003126510418951454,0.0025619268417358954,0.00218950212001795,0.0023482143878937323,0.0021600350737572827,0.003986867144703917,0.004190213978290506,0.003906929865479466,0.002122728972608512,0.0014838213101029379,0.002407762221992015,0.001363165676593836,0.0011508241295816162,0.0016176758799701376,0.004000727087259293,0.0020576156675815027,0.002649434842169174,0.002999909920617827,0.0019298882689327557,0.0025980323553084703,0.0022548325359821875,0.0030270218849182406,0.0012180185876786709,0.0018846634775400717,0.0032277181744574945,0.002659082412719782,0.0034187957644461475,0.002869157120585497,0.00300331023754552,0.0029630851786351387,0.00280152121558791,0.0025475667789578438,0.0016673170030117035,0.001415260136127458,0.00154167041182518,0.001532629132270813,0.0015335250645874838,0.0016971798613668052,0.001850232481956481,0.0020375475287440223,0.0016847997903824408,0.0023596473038196494,0.0023591220378873998,0.003784187138080597,0.0036503076553344727,0.0036140456795691056,0.0021696798503398895,0.003728657960891779,0.003485810011625297,0.002233540639281273,0.0022948887199162327,0.002224239055067301,0.001620253548026026,0.0022114478051663555,0.002568114548921474,0.0027815252542495762,0.0033740587532521404,0.005298398435115828,0.002398784272372778,0.0024506617337465807,0.002561261877417561,0.0028891898691654275,0.002226270735263826,0.0038763675838708322,0.0036839889362453877,0.0037919310852885264,0.0035570524632930756,0.002869825810193967,0.003254104871302843,0.002903372049331665,0.0031184330582618575,0.002861205488443423,0.0023204991593957485,0.0024605095386505196,0.0018546171486377647,0.0023904331028461456,0.002198861911892891,0.0018555037677289096,0.001656675711274147,0.0026663905009627342,0.003979697823524489,0.003812432289123535,0.004363330081105236,0.002151675522327424,0.0030476190149784643,0.0028793290257453225,0.002706265076994894,0.003299243748188019,0.004826586751732975,0.004751540720462855,0.005987130105495508,0.003570446744561199,0.0033004432916641235,0.002104732557199895,0.0016559958457946777,0.003048982471227653,0.0029630698263645103,0.002330175309907645,0.0023412960581481457,0.0051720645278692245,0.0028063133358955453,0.0043451171368361075,0.004727848805487043,0.0066209025681018,0.005650985985994346,0.005840375088155269,0.004624154418706838,0.00505780428647995,0.00222045183181762,0.0021397918462753296,0.002006158232688904,0.0028884559869766235,0.0023818467743694782,0.002712743356823921,0.002252202946692705,0.0035525932908058167,0.001704072579741478,0.0018473993986845086,0.0018763132393359028,0.004465652629733086,0.004448708146810532,0.003995392471551895,0.0034528784453867756,0.0030406713485717773,0.002512264996767044,0.0027213580906391213,0.0030175969004631042,0.0032439995557069813,0.002162914723157886,0.001641049981117193,0.0023964606225490587,0.0025542480871081335,0.0030516646802425385,0.002645637840032574,0.002995658665895566,0.002389668719842975,0.0025603503454476595,0.002676045522093714,0.006479449570178986,0.005972215905785616,0.005219751503318493,0.002988649532198904,0.004193484783172607,0.005578913260251173,0.006463255733251545,0.0027695335447788794,0.0028751008212566306,0.002226628363132588,0.003470446914434433,0.0020595639944076,0.0034397840499878554,0.0027797967195510864,0.002899643033742849,0.002839608117938097,0.002607697620987946,0.0024003442376852036,0.0021476553520186634,0.002405488863587494,0.0027999058365822532,0.0036319866776466925,0.0038128867745399614,0.002296535298228264,0.003214702010154613,0.002074457544949837,0.0023883897811174948,0.00310385599732399,0.0031438507139683394,0.0012526065111160278,0.002421205863356698,0.0032346248626709123,0.001754760742187507,0.0021642819046974043,0.0024092197418213446,0.001585938036441803,0.004131101071834606,0.0029215382819529623,0.00353769585490233,0.0023026037961244583,0.002941980957984855,0.002624405547976435,0.0025309082120657,0.002848132513463497,0.002506870776414878,0.0033196037402376533,0.002522733062505715,0.0023032240569591453,0.0024210819974541664,0.002308409661054611,0.002297637984156442,0.00382251292467118,0.0025956220924854834,0.0026936661452054977,0.0028303181752562558,0.0029366016387939488,0.0029054060578345697,0.004347562789916992,0.0026625283062457483,0.0024460293352603878,0.003212470561265883,0.00270121544599522,0.0019949600100517204,0.002428762614727017,0.003606902435421947,0.0019258409738540927,0.0024979356676338403,0.0022181198000908453,0.0028787776827812195,0.0020176246762275835,0.0028290413320064545,0.003154536709189415,0.0035773999989033786,0.003917708992958069,0.003774823620915413,0.0018543032929301262,0.002106943167746067,0.0022586807608604414,0.00227926764637232,0.002360304817557342,0.0021305568516254425,0.002819347195327393,0.0028055738657711826,0.001765228807926178,0.00157846137881279,0.002855997532606123,0.0035306755453348177,0.0023068264126777024,0.0025160461664200315,0.004190286621451378,0.002068502362817525,0.0021731359884142893,0.0027113263495266433,0.0023328240495175123,0.0021484652534127235,0.0021584033966064436,0.003898801282048229,0.0024661161005497013,0.0018553119152784382,0.002491610124707222,0.0016709491610527039,0.0019411742687225203,0.0015200190246105229,0.0014747455716133118,0.002078543184325099,0.002229185774922423,0.003586374223232325,0.003225158900022451,0.0037357658147811335,0.0034269872121514,0.004012285033241025,0.00426045386120677,0.004235981032252312,0.00393634662032127,0.0029840953648089877,0.0024632662534713745,0.002881560474634108,0.002740485593676626,0.0025457870215177536,0.002351777628064213,0.002201644703745842,0.002087083645164911,0.002204000949859619,0.0029406435787677765,0.002556491643190391,0.0038130655884742043,0.0036314725875854353,0.003686696290969904,0.002776738256216049,0.003729984164237976,0.0034469477832317352,0.002467678859829899,0.0022971807047724724,0.0022539433557540183,0.0028365515172481467,0.003365570679306984
0.0010303184390068679,0.0013127774000167708,0.0009647347033024944,0.0007096156477926982,0.0012930557131767273,0.0010156854987144331,0.0007317997515201569,0.001264963299036026,0.0012758001685142517,0.0014054477214813267,0.0022341778822010383,0.000970005989074707,0.0008781291544438033,0.0008428879082203466,0.001112371683120672,0.001082535833120346,0.0010646060109138558,0.0011553950607776017,0.0012620966881514116,0.0012247040867804926,0.0009496212005615165,0.0024939104914664667,0.0009879712015389824,0.0010316316038370132,0.0010411506518722118,0.0012164935469627935,0.0009055715054273588,0.0014791162684559813,0.001417411956936121,0.0016111414879561043,0.0016338331624864977,0.0013039521872997284,0.0010528564453125555,0.0013521723449230229,0.0021295025944708806,0.0017071105539798737,0.0004317676648497564,0.0008178055286407471,0.0006858371198177407,0.0005448609590530465,0.00040732696652412415,0.0005909055471419733,0.00046645291149605486,0.0006398539990186136,0.0012949630618095398,0.0012703463435173035,0.002106167376041416,0.0005586557090281902,0.0006913244724273057,0.0006151571869849604,0.0007103723473846912,0.0010193809866906878,0.0020617567934096423,0.0021620229817927994,0.0024435222148895402,0.0014544855803251232,0.0012511210516095717,0.0004838572349399324,0.0011402219533920288,0.0006368495523930082,0.0006978735327720018,0.0004927543923258781,0.00047998223453759974,0.002331269904970956,0.0005337931215763161,0.0017867451533675194,0.0018256558105349523,0.002319969236850683,0.002323191612958901,0.001867809914983809,0.002237256616353933,0.0023644044995307922,0.0007492192089557578,0.0005144700407981873,0.00043632648885255296,0.0005547031760215204,0.0004920675419271001,0.0005531348288059235,0.0004017092287540453,0.0009599961340428023,0.0005351249128580648,0.0006808619946241413,0.0007498897612094949,0.001009475439786859,0.000915378332138124,0.0008074566721916129,0.0008767880499362946,0.0009017847478390295,0.0005453787744045258,0.0005494207143783569,0.0006547737866640056,0.0007449667900800705,0.0005519092082977885,0.0019104033708573498,0.0010665692389011869,0.0004555843770504553,0.00047813728451745474,0.0008041970431804102,0.00046126358211040844,0.0007409080862999032,0.0005698050372302524,0.0006612571887671947,0.0005108527839184918,0.002322725951671538,0.0021608974784613176,0.0021519565489144243,0.000786876305937767,0.001597693189978655,0.001595036126673166,0.0022835258860141316,0.001124251633882526,0.0013764947652817397,0.0009261248633264958,0.001650586724281311,0.0006133615970611555,0.0009220764040946822,0.0015052817761897486,0.0010601039975882132,0.0008252309635282153,0.0007516527548432341,0.0006957829464228626,0.0006884727044961791,0.0007682237774134203,0.0011906996369361808,0.0019032657146452747,0.0011948496103286188,0.00043732672929758243,0.0023550987243652344,0.0007524526445196193,0.00038771517574786793,0.0013872943818569183,0.0008052252233028898,0.0016208738088606955,0.001047383993864115,0.0009491816163063188,0.0005943514406681061,0.0006394907832145691,0.0016392841935157637,0.0006352663040160994,0.0022568553686141968,0.0011756517924368932,0.0010470002889633248,0.0003637345507740402,0.0018867403268814642,0.0012016650289298249,0.0011585699394345839,0.0005920724943280775,0.0010157190263271332,0.0014026884455232702,0.0009952560067176194,0.0008501037955284119,0.001464284025132656,0.0014647247735410929,0.0010785544291138094,0.0009789150208233677,0.0010069143027067184,0.0020778216421603116,0.0011353883892296635,0.0012530693784356135,0.0013003200292587246,0.0013206815347074907,0.001364678144454956,0.0024500489234923206,0.00123759545385832,0.0010008141398429315,0.0005710497498512199,0.0007019713521003654,0.0008023381233215401,0.0009838826954363632,0.0007896758615970542,0.0009684618562459946,0.0013591628521680242,0.00076276063919066,0.0010836292058229446,0.0006412118673325765,0.001377185806632042,0.0012488318607210558,0.0013942569494245771,0.0007023122161625706,0.0006684437394143192,0.0006525889039039681,0.0007823593914508334,0.0009251404553651775,0.00045896880328643794,0.0004589539021253551,0.00046026520431042064,0.00046911463141430243,0.000638885423541076,0.0007173754274845678,0.0010467553511261385,0.0011257538571954329,0.0004036799073218779,0.00044823437929154136,0.0010363971814512669,0.0009719925001263636,0.000698529183864538,0.0006575956940650454,0.00061519816517841,0.0005744881927968182,0.0012890025973320562,0.0012785345315932672,0.001114802435040415,0.0006578884203918279,0.0004361290484666807,0.0008061006665229806,0.0004955679178237915,0.0004858430474997677,0.00042936974205076694,0.0012159757316111963,0.0004782527685165891,0.0007520867511630041,0.0008789305575191424,0.0005834153853356843,0.0008129142224788735,0.0005351901054382324,0.0010448098182678084,0.0004812222905457011,0.0005320720374583643,0.0009802877902984064,0.0007170699536799829,0.001143269240856129,0.0012935185804962557,0.0015643789665772956,0.0017576676182216588,0.0018482212908565443,0.0017970008775592353,0.0015233904123305789,0.0018881484866142412,0.0010875388979912325,0.0009470144286752285,0.0008773477748036419,0.000815025065094177,0.0007935096509754658,0.0008162343874573716,0.0021512061357497614,0.0005892142653464091,0.0006811283528804155,0.0011906847357749384,0.0010747537016868453,0.0010710805654525618,0.0005361959338188726,0.0011457055807114203,0.0009794980287551464,0.001009652391076088,0.0009059864096344072,0.0008644061163068373,0.0014137066900729578,0.0015262197703123093,0.0006954111158847323,0.0009121410548687016,0.0009837932884693076,0.0020873621106147766,0.0009526154026388584,0.0008631311357022425,0.000810449942946382,0.0009113065898418565,0.0009879283607005518,0.001030693762004431,0.0010427897796034258,0.0010407147929072397,0.0010494776070117395,0.0008190646767616896,0.0015344093553721905,0.001035600900649969,0.0013378635048866133,0.0010171048343181055,0.000911409966647684,0.0012128688395023415,0.0010278746485710144,0.0014227628707885742,0.0015571005642415203,0.0012323372066022076,0.0013768095523118973,0.001532860100269318,0.00128098577260978,0.0011932924389838062,0.0010758638381957973,0.0005884366109967232,0.0009180642664432526,0.0008921213448047013,0.0007754014804959297,0.000941932201385387,0.0010708630652516704,0.0010215984657407362,0.0022062361240386408,0.001241389662027359,0.0010178266093134325,0.0016333501553162935,0.001145005226135254,0.0009267739951610635,0.0009385533630847931,0.0017751769628375769,0.001720638945698738,0.001177314668893821,0.000887155532836921,0.001182368956506254,0.0011393306776882328,0.002264801412820875,0.0016847401857376099,0.0016837078146636477,0.0012343302369118292,0.001666188240051325,0.0011654533445835044,0.0013405270874500275,0.0014746468514202915,0.0008700266480445862,0.0017369696870446205,0.0016454318538308126,0.001698344014585019,0.0010521337389945845,0.0013187676668167114,0.0010927375406027985,0.0009658113121985279,0.001383952796459198,0.001239672303199782,0.0012453310191631317,0.0012669488787649952,0.0012663491070270608,0.0014917068183422089,0.0015099644660950817,0.001515785232186314,0.0015186592936515808,0.0013124477118253743,0.0009886920452118475,0.0015566917136311548,0.0016291262581944483,0.001008208841085427,0.0008852221071720123,0.0009691305458545685,0.0006125473883002996,0.0007274424424394412,0.0008727088570594163,0.002274140715599088,0.0017078183591366404,0.0011351411230862704,0.00133530143648386,0.00124774128198624,0.0015823170542717535,0.0022820192389190483,0.0007998812943697531,0.00080085173249244,0.0010280665010212187,0.0009984038770198822,0.000649978406727203,0.0010122098028660445,0.0008205547928810258,0.0006181634962558122,0.0005512982606887262,0.000563290901482107,0.0006503220647574026,0.0007108837598933659,0.0007294137030839885,0.000771068036556237,0.001069195568561554,0.0012103915214538713,0.0006431974470615942,0.0016155838966369074,0.0007862408019717604,0.000841991975903511,0.001015685498714447,0.0009116306900978643,0.0009623616933822632,0.0010874513536692186,0.0009065568447112482,0.0014438144862651825,0.0015311688184738298,0.0007563531398773332,0.0012315809726715088,0.0015714913606643816,0.0017126224702224135,0.0010763481259346008,0.0007452210411429388,0.001108326017856598,0.0009308550506830181,0.0009485390037298168,0.001658078283071518,0.0008711256086826394,0.0017016233177855613,0.0017488822340965202,0.0016758590936660697,0.001010750420391563,0.0010679885745047968,0.0010877121239900034,0.0012157782912253848,0.001009684056043677,0.0009205993264913559,0.0009246310219169235,0.0009699147194623357,0.000976767390966471,0.001916855573654147,0.0008891653269528788,0.001177938655018803,0.0009516365826129913,0.0011220239102840424,0.0015410631895065238,0.0016405321657657589,0.0016211234033107792,0.0012970939278602878,0.0010649878531694378,0.0005898773670197088,0.0017730202525854076,0.0008738338947296004,0.0013687163591384957,0.0013704318553209305,0.0013820193707942893,0.0013211481273174286,0.0013708118349313701,0.0015793787315487844,0.0016402266919612885,0.0016697980463504809,0.0014990782365202886,0.0009275488555431331,0.0007008258253335987,0.0010458510369062979,0.0010614823549986996,0.0015305085107683025,0.00107476860284806,0.0009912699460983814,0.0014383159577846562,0.0005996488034725675,0.0007408261299133856,0.0013999510556459427,0.0013898438774049273,0.0009725000709295273,0.0013727792538702484,0.0010203206911683083,0.0011529037728906788,0.0011502001434564608,0.0014669112861156533,0.0007858444005250931,0.001404386013746265,0.0015253671444952488,0.0014676237478852272,0.0009798109531402727,0.001206908375024792,0.0010249018669128557,0.0012763666454702616,0.0005840063095092773,0.0010465532541275163,0.0009571947157382341,0.0010379105806349598,0.0011668307706713685,0.0011606097687035803,0.0011303778737783432,0.0010686786845326996,0.0010172799229621332,0.0009837001562119085,0.001015856862068218,0.0007290057837962965,0.0006447751075029963,0.0007293559610843086,0.0007849130779504238,0.0008761417120695097,0.0008919145911931992,0.001334846019744873,0.0009008683264255524,0.0007098466157913833,0.0011624097824097235,0.001099415123462677,0.0010832026600838263,0.0008851587772369385,0.0011790767312049866,0.001024179160594954,0.0010577123612165416,0.0009476291015743654,0.0008574877865611956,0.0010060928761959007,0.0010024905204773019
0.001010745763778749,0.002433702349662878,0.0019750036299229223,0.002257924526929911,0.002475678920745919,0.0024375021457671564,0.002230625599622671,0.002055976539850235,0.0029074959456921734,0.0031210910528898204,0.00426722537667959,0.0008052065968512795,0.0010178610682488043,0.001141808927059118,0.002392858266830389,0.0027942992746829987,0.0031832829117774478,0.0035037100315092884,0.003214538097381592,0.0023352950811386802,0.002228178083896519,0.0035421475768089294,0.002031349577009678,0.001995148137211798,0.001978824846446457,0.0022095944732427562,0.00206728652119631,0.0029755039140582093,0.002886043861508315,0.0028648814186454374,0.0027752108871936815,0.0022623352706433453,0.0023082783445715366,0.0020684301853179897,0.0024494156241416376,0.0023045763373374384,0.0014456324279307781,0.0008741766214370103,0.0005415454506874154,0.0005001761019229889,0.0011095590889453333,0.0002047866582870414,0.0006363354623317719,0.0012281467206776142,0.0024546086788176935,0.0024422407150268555,0.0030393954366445507,0.0017495257779956402,0.0019986853003501337,0.0018865875899791648,0.0018975730054081041,0.0023837536573410034,0.003200424835085868,0.0031531420536340393,0.0038931220769882757,0.0028241537511348204,0.0026917364448308945,0.00147353089414537,0.0014561712741851807,0.002019308507442523,0.0018895715475081773,0.0017686220817267895,0.0014617284759879112,0.0033917557448147617,0.0018503330647945404,0.003121683374047283,0.003299357369542122,0.004249278455972755,0.0035728588700294495,0.003682280541397631,0.003204643726348877,0.003325909376144451,0.0004838258028030326,0.0003041476011276245,0.0009488724172115916,0.0019091852009295862,0.0016295812092721454,0.0016749203205109753,0.0012796223163605291,0.002363625913858469,0.0005922596901654642,0.0003767199814319541,0.0006583593785762232,0.002663096413016427,0.002711851149797391,0.002420019358396523,0.002026017755270053,0.0017778240144252777,0.0011644884943962097,0.0014123897999525695,0.0017595645040273111,0.0020418651401996613,0.0011452417820692583,0.0017534196376800537,0.002163991332054138,0.0012708082795143683,0.0014676693826914389,0.0018453299999236575,0.0016021057963370756,0.0018899440765380929,0.0016128132119774263,0.0017433329485356803,0.0017470978200435638,0.004041355103254374,0.0036869905889034826,0.0034237470244989354,0.0015884255990385992,0.0031072162091731435,0.0036353897303343374,0.004400007892400054,0.002030210569500923,0.0022159628570079734,0.0021364735439419746,0.0025911349803209305,0.0018789898604155142,0.002215892076492254,0.0021040067076683114,0.0022003743797539554,0.0020860070362685983,0.001790368463844061,0.0017353608272969723,0.0018029857892542525,0.0021533146500588053,0.001853954046964701,0.002603787928819719,0.002369366586208399,0.0016982350498437881,0.0026539564132689597,0.001925060292705949,0.0015756729990244467,0.0023650377988815308,0.0020575411617755335,0.0016661286354064386,0.002145340666175055,0.0022522509098053534,0.0013059563934801899,0.001737065613269806,0.0013994947075843256,0.0008561760187149187,0.002866677939891926,0.0024710500147193115,0.002179998904466629,0.0015281336382030903,0.0023162215948104303,0.002074670046567976,0.0021543921902776857,0.0017283400520682907,0.0013332217931747437,0.0025520218187012893,0.002356715500354774,0.0022050030529499054,0.0035780174657702446,0.002604734851047341,0.0021767448633908115,0.0021669864654541033,0.002169080078601896,0.0027768127620220115,0.0021078241989015423,0.0021397965028881454,0.0021982332691550272,0.002205443568527643,0.0021293573081493933,0.0031794756650923572,0.0020562596619128626,0.0015548393130303054,0.0008813254535198212,0.0021153204143047263,0.0013264641165733407,0.0025592315942047396,0.0019254200160503457,0.0021542664617300086,0.002762898802757263,0.0012576356530189514,0.002111714333295822,0.0020292066037654807,0.002915762364864294,0.002440356649458464,0.0010997802019118291,0.0011029150336980854,0.001303449273109547,0.001765709370374624,0.002150010317564059,0.0020394306629895644,0.0012583490461109959,0.0015305113047361374,0.001673962920904104,0.0015548821538685625,0.0012774858623743023,0.0020226556807756944,0.002306037582457121,0.0023746984079479616,0.001055344939231817,0.0005949661135673592,0.00243176799267536,0.002052823081612535,0.002317756414413563,0.0021384209394454956,0.0021942332386972185,0.0018880441784858149,0.0030880924314261628,0.0031220428645610775,0.002683669328689582,0.0008427666034548919,0.0012019900605082512,0.0015264549292622887,0.0013866005465388298,0.0009574238210917629,0.0010233803186565082,0.002801176160574015,0.001755381003022305,0.0013526948168873822,0.0017909591551870095,0.0008163289166986938,0.0008633024990558624,0.0007007010281085448,0.0009441450238227705,0.001237084157764857,0.001844946295022968,0.0023149028420447193,0.0020995549857616355,0.002374842762947027,0.002599194413051009,0.0029213179950602353,0.0029971476324135993,0.003009310457855574,0.0028851628303528404,0.002320490777492523,0.001938067376613603,0.0021945908665656558,0.0019485130906104521,0.0018379651010035879,0.001897247508168276,0.0019564987160266565,0.001992102712392806,0.0021443068981170654,0.0019491426646710414,0.0021101906895637512,0.002486042678356115,0.002353377640247345,0.002421736717224107,0.0017638243734836578,0.0023306459188461304,0.002196509391069419,0.002205207012593748,0.0021094302646814667,0.0020956653170288156,0.0020651649683713948,0.0025948751717805862,0.00229034572839721,0.0025569777935743297,0.002073895186186052,0.002748824656009674,0.0022662924602627754,0.002249771729111727,0.002329027280211393,0.002718992531299584,0.002241021022200416,0.003286858089268206,0.0030693123117088716,0.003441887907683846,0.003373583778738979,0.0026332661509513924,0.0031042369082570076,0.0026827789843082497,0.002552822232246274,0.0026820637285709867,0.002149011939764132,0.0014268085360527108,0.0014134496450424264,0.0019355341792106628,0.0025894269347191932,0.0017523914575575672,0.0021733362227678264,0.003131457837298513,0.0023764818906784196,0.00242424756288534,0.0034550949931144714,0.0021091727539896965,0.0022015310823917944,0.002277784049510956,0.002718895673751831,0.0024494230747223456,0.003566271101590246,0.003611803054809624,0.0030764713883401074,0.0030568912625312805,0.0028420565649865392,0.002953209914267063,0.0017673671245574951,0.002155724912881969,0.0019482187926769257,0.0032258015125989914,0.0029275030829012394,0.0036653820425271953,0.002104826271533973,0.003440676257014162,0.003476924262941052,0.003775011748075402,0.0032714717090129852,0.0034713433124124453,0.00346564501523966,0.0030500292778015137,0.0012433268129825661,0.0018413923680782249,0.002479027956724167,0.0020158737897872925,0.0031314382795244455,0.0034183319658040983,0.00274294288828969,0.0023177564144134036,0.002103250473737713,0.0019014384597539867,0.0015430264174935912,0.0037621464580297435,0.003951728343963616,0.003500167280435569,0.002914704382419475,0.0025237612426280906,0.0029524285346269608,0.003215761855244633,0.0036552716046571766,0.003956153988838196,0.0025244411081075634,0.002215445041656494,0.0030272938311097786,0.0032115262001752853,0.0019250735640523597,0.0019862148910762024,0.001935165375471122,0.0021824145223945934,0.0024300273507832926,0.0021420959383248103,0.003399126231670352,0.003420408815145496,0.003626001300290171,0.003652348183095455,0.0032674763351678814,0.003494963981211128,0.004094001837074756,0.0024839602410793304,0.0026748478412628104,0.002264762297272571,0.0031033121049404214,0.002084493637084848,0.002375423908233691,0.002656601369380951,0.0026743113994597834,0.0026400312781333923,0.0024133725091815533,0.002164984121918679,0.002110030152834841,0.002167446538805958,0.0027862600982189872,0.002968695014715139,0.0022794380784035007,0.0021760407835244577,0.0024570673704147894,0.002128201274899877,0.002101427875459196,0.0028900355100631714,0.0023916624486445826,0.001986101269721985,0.00227808579802519,0.002408228814601898,0.0021279603242874146,0.0020202696323394775,0.0025508031249047436,0.0019352808594703674,0.002719081938266754,0.0026560371043160558,0.0021355971693992684,0.002191728912293911,0.0026417002081870478,0.002376593649387363,0.0023241825401783024,0.003497771918773651,0.0027397833764553,0.0025215321220456444,0.002221081405878074,0.00211406871676445,0.0023091305047273636,0.0022888667881489355,0.0023196246474980753,0.0029549188911914964,0.002283059060573637,0.002326960675418375,0.0023586172610521317,0.0024330392479896545,0.002578787505626623,0.0025910735130309503,0.002417013049125609,0.0020001400262117386,0.0022261925041675568,0.0016575232148170471,0.002268429845571525,0.0024010725319385563,0.0029050074517726863,0.0018673092126846036,0.002298019826412312,0.002160567790269907,0.002377733588218689,0.002349354326725034,0.0028366278856992687,0.0031877923756837845,0.0037761330604553153,0.004228103905916214,0.004000263288617134,0.0027092620730400085,0.00296804867684841,0.003116124309599398,0.0029310947284102457,0.0026384927332401345,0.00212155282497406,0.0025752065703273375,0.0024793930351736937,0.002541065216064453,0.002185676246881485,0.0025388523936271685,0.003417862579226492,0.002193108201026979,0.002309475094080027,0.003483332693576816,0.0025884308852255344,0.0019676573574543017,0.0031545688398182396,0.0023762464988975607,0.0022793123498559,0.0024407347664236988,0.0033005420118570328,0.0022863820195198094,0.0023847594857215847,0.002693274058401583,0.0023971796035766584,0.002441585063934326,0.0020395070314407383,0.002046525478363037,0.00257903931196779,0.002145508304238486,0.0023482218384743986,0.002213403582572937,0.0024482011795043945,0.002956062089651823,0.003266271902248263,0.0034825815819203854,0.0035685207694768923,0.0034681856632232666,0.00277166441082944,0.0025321468710899214,0.002623755484819461,0.0024548023939133246,0.0022886507213116247,0.0022095823660492862,0.002164982259273529,0.0022196061909198206,0.0024219155311584473,0.0020867176353931427,0.0022947862744330874,0.0023430362343788147,0.0022279322147368275,0.0023282691836358227,0.0020010359585284077,0.002232603728771154,0.002112045884132392,0.002361712977290157,0.00231383228674531,0.002242626156658045,0.002625470981001802,0.003175852820277214
0.002730421721935272,0.005023121833801339,0.0033185593783856063,0.005078453570604435,0.005493596196174608,0.005518235266208593,0.006131518632173594,0.005085920915007532,0.009445779025554601,0.010973721742630005,0.01451748433464678,0.0026610270142554612,0.002335093915462501,0.0021358951926231384,0.003432571887969915,0.003927435725927346,0.004464555531740133,0.005012419074773795,0.005352137610316325,0.00447392463684082,0.00401616469025607,0.007872186601161957,0.004304233938455582,0.004275663755834103,0.004467527382075785,0.005204293876886309,0.004400091245770453,0.00706143886782229,0.006793491542339326,0.0071285888552665155,0.006853528320789283,0.0049520134925842285,0.007201718166470472,0.005207642912864682,0.00536242127418525,0.005356844514608272,0.0030339984223246037,0.0029981248080730508,0.002289086580276496,0.0029374845325946253,0.002695193514227867,0.002337362617254264,0.002269128337502535,0.003246581181883812,0.004887789487838801,0.005266003310680334,0.007524497807025861,0.003325018100440393,0.004299722611904033,0.00416642054915433,0.0032844492234289646,0.005244627594947759,0.009866740554571207,0.00904337875545036,0.008932135999202728,0.00943302176892757,0.006304682232439405,0.0029703110922127958,0.007440656423568781,0.0042898841202258925,0.0038394443690776756,0.0026738448068499565,0.00240305345505476,0.009387603960931301,0.0042385719716548365,0.00998066086322058,0.010607368312776087,0.0125993546098471,0.009097192436456562,0.011682181328069474,0.007857687771320399,0.0077825188636780895,0.0026601776480674674,0.0026390813291072776,0.0025205221027135224,0.004029497504234203,0.002542059402912856,0.002098377794027273,0.002293542027473396,0.004184421151876401,0.00220629759132868,0.0021377261728048914,0.0021114796400070746,0.005337964743375785,0.004811197519302375,0.004212662577629082,0.003623764961957987,0.0033342018723487785,0.0026053916662930887,0.002624582499265612,0.0027881450951099396,0.0030744820833206246,0.002946823835372925,0.003405272960662842,0.0038260109722614358,0.002316324040293579,0.002143269404768885,0.0037593059241771073,0.0040095448493956964,0.0037625692784786294,0.0032762112095952034,0.003311723936349153,0.004062522202730179,0.010926768183708246,0.010674800723791011,0.010254888096824177,0.00402793288230896,0.010786943137645777,0.01212797593325382,0.013660720782354446,0.004756791517138485,0.004688479006290429,0.004684340208768845,0.006254283711314146,0.003942670300602857,0.004239365458488346,0.004358064383268308,0.004453426226973478,0.004163086414337047,0.0037571480497717857,0.0036713453009725168,0.0037609445862472057,0.005565484985709194,0.0034050531685352325,0.006399367004633005,0.004485204815864563,0.003484746441245079,0.005497753620147705,0.004328482085838969,0.003943661227822363,0.005689844489097595,0.0040596723556518485,0.00521503388881675,0.004900060594081934,0.004735931754112355,0.007722795009613037,0.009422801434993744,0.0028968453407287598,0.007069848477840424,0.006630688905715887,0.00827377149835229,0.003878623247146551,0.0034144306555390375,0.005349680781364441,0.0047436337918043674,0.004632737487554606,0.0022198492661118507,0.0021699666976929266,0.008391041716095116,0.009527968242764466,0.009695310145616531,0.012647352181375027,0.007354137254878934,0.004502220079302732,0.004650591872632394,0.004776770249009021,0.0066516660153865745,0.0048827864229679125,0.0047879386693240305,0.004835512489080375,0.004859731532633305,0.005024455487728174,0.006817027926444952,0.0049282182008028586,0.002969451248645838,0.0033137369900941745,0.004192326217889779,0.0032067745923995555,0.00757447816431522,0.00823098421096801,0.008370940573513506,0.00784122012555594,0.00882422924041748,0.004850343801081179,0.004420313984155662,0.006751319393515583,0.009013852104544695,0.0036811530590058483,0.0030150208622216623,0.0032290183007717688,0.0035729259252548773,0.004052650183439206,0.004791382700204849,0.0022610351443290155,0.0024520475417375565,0.0026629641652107794,0.0028801206499337074,0.0019937120378016836,0.004768310114741325,0.006313065066933632,0.005697047337889727,0.0022942088544368223,0.00454080849885935,0.006942207925021648,0.005949775688350199,0.005389027297496893,0.005066137760877665,0.00534100085496908,0.0037095099687575184,0.0062337554991245825,0.005793543532490786,0.006223354488611218,0.004736316739581525,0.003475094214081766,0.005455382168292999,0.002496188506484087,0.002815287560224422,0.0023839256027713973,0.007103892043232973,0.0037368126213551643,0.006512300111353396,0.006907408591359854,0.0035996434744448025,0.0038572587072849274,0.004892431199550573,0.005790293216705281,0.0027758763171732426,0.0037112478166818653,0.004257805645465795,0.004307214170694351,0.004897490143775884,0.007537938188761473,0.008329002695973031,0.008476975301164258,0.007968032732605934,0.00707092043012386,0.005489334464073181,0.0042221769690515,0.00473799370229239,0.004280696623027328,0.003964841365814207,0.004030053969472647,0.004058783873915672,0.0045026354491711235,0.004121154546737726,0.004274342209100827,0.004458919167518671,0.004719100892543848,0.00438269227743153,0.00447801500558849,0.004018262028694208,0.0044781640172005255,0.003949999809265074,0.00508817657828331,0.005205542780458816,0.005321023520082346,0.005186345428228326,0.006284525617957171,0.005258038640022174,0.006469000130891803,0.0036197043955328786,0.01252132654190058,0.005104481242597103,0.0052778469398618855,0.005760606378316883,0.006493624299764585,0.005216347053646989,0.009259005077183247,0.008694350719451847,0.009322941303253177,0.008867636322975155,0.006657686084508903,0.004273290280252693,0.006883189082145635,0.007973730564117487,0.008045215159654728,0.0038149193860590996,0.0025155358016490936,0.0022159814834594657,0.002364497631788254,0.0024045165628195954,0.0019511841237546193,0.001730106770992279,0.0012549164239317174,0.004939965903758989,0.005277462303638569,0.011673565953969955,0.00448955874890089,0.003726609051227507,0.0038002729415893555,0.004628616385161875,0.005422338843345587,0.01275103713851422,0.012727565132081566,0.014334894716739696,0.010130617767572405,0.007755899801850374,0.0019757705740630627,0.0006465762853622437,0.0032725781202316215,0.003043927252292633,0.002098364755511284,0.0016829883679747581,0.013539765030145649,0.003255300223827355,0.011826900765299742,0.01277448050677765,0.015725413337349836,0.013891775161027908,0.0143125723116099,0.012161757797002737,0.012263245880603735,0.002439890056848519,0.0021133460104465485,0.0022303536534309387,0.0031196437776088715,0.001973628532141447,0.0014305403456091863,0.0014879405498504639,0.004148848354816444,0.001696089282631874,0.001822628080844886,0.00205615535378445,0.004974186420440785,0.004569716751575477,0.004031542688608163,0.0034449808299540363,0.0030131973326206207,0.0015869513154029846,0.00166726112365723,0.0019217282533645665,0.002166969701647755,0.0027013923972845043,0.003332138061523493,0.0011267578229308146,0.0012790011242032068,0.0030111297965049744,0.0028368514031171833,0.0030038952827454724,0.0043999666813761,0.004642577841877937,0.0033990964293478844,0.015509039163589589,0.014572178944945339,0.013565456960350221,0.0022418722510337812,0.011705402284860614,0.013518401421606485,0.015240642242133617,0.006177483126521107,0.00656211003661155,0.00543542578816425,0.00901849940419197,0.0049314014613627815,0.0043395124375820784,0.00625041127204895,0.005829576402902541,0.005357481539249479,0.004888338036835247,0.004610148724168539,0.004825059440918156,0.006097976118326302,0.004397977143526195,0.009865961968898718,0.004391029477119432,0.004000023938715515,0.0076634585857391635,0.005191694450331852,0.003171059302985668,0.007209911942481995,0.004409138113260332,0.0016245543956756592,0.005744075402617507,0.004996895790100098,0.0016561932861804962,0.002849496901035309,0.003760248422622736,0.0009262636303901672,0.010173074901103987,0.004478896560613066,0.0037287808954715243,0.0038191154599190313,0.008119590580463298,0.005832416936755177,0.005592074245214459,0.001483202911913395,0.0032486431300640037,0.006005245493724942,0.0042000897228717735,0.0035908371210098197,0.005413663573563099,0.005423272028565462,0.0055994633585215205,0.010210454463958747,0.006146982312202506,0.0065098209306598265,0.006927935406565668,0.007125608623027798,0.007141603156924248,0.010257288813590976,0.006163185462355562,0.002689026296138767,0.0036062970757484505,0.0026916414499282837,0.002529129385948174,0.003443296998739239,0.005705645307898414,0.002051301300525679,0.005954975262284112,0.00499643012881279,0.005011731758713722,0.0020833536982536316,0.002352524548769004,0.0026220474392175674,0.0030524693429470062,0.0034505724906921387,0.0036106929183006287,0.0017979061231017113,0.002176688984036444,0.0023845704272389395,0.002569019794464113,0.0033881310373544728,0.005544431507587266,0.006890837103128489,0.0067204888910054605,0.0015846546739339828,0.0012751370668411255,0.0073884297162294926,0.00389317981898785,0.005442120134830475,0.004337824881076868,0.005238894373178482,0.0009741554968059063,0.003007756546139717,0.002458698116242885,0.003732073237188161,0.0029670707881450653,0.002920703031122681,0.005453029647469524,0.0038820188492536024,0.0015013068914413487,0.002881849184632302,0.001413426361978054,0.0019769668579101562,0.0008565261960029637,0.0008524134755134583,0.00261688104365021,0.004405988380312916,0.004274606704712011,0.0036326758563518524,0.004909351468086187,0.00837758369743824,0.00993489776737988,0.010673247743397951,0.010824359953403475,0.0102812759578228,0.00770594179630274,0.005928695201873793,0.006092011928558343,0.0057195499539375895,0.005181232467293738,0.0047642178833485205,0.005036128684878294,0.005189940333366394,0.005477458238601657,0.0032525137066841195,0.004872348159551725,0.004602894186973572,0.004070527851581518,0.0043225958943367004,0.0029732175171375205,0.0042038932442665655,0.0036641545593738487,0.005853550508618351,0.005722847767174244,0.005914012901484911,0.007044289261102621,0.008242467418313033
0.003175120800733622,0.0048336982727051475,0.003840073943138178,0.005882240831852015,0.005617633461952223,0.006053298711776636,0.007455050945281982,0.006398849189281464,0.015513908118009567,0.01818057894706721,0.017162127522169612,0.0030416920781134865,0.002927064895629883,0.004217147827148382,0.013862457126379013,0.015586800873279572,0.017050269991159384,0.019058454781770706,0.017995884642005026,0.004119455814361628,0.004259090870618709,0.009253762662410736,0.004617421887814945,0.00474833976477379,0.005194895900785977,0.00676845759153355,0.005238689482212067,0.01388920284807682,0.01260295975953335,0.014250141568481922,0.013069416396319866,0.005669388920068796,0.011400306597351972,0.007301816716790203,0.005361981689929865,0.006639443337917217,0.0024942485615611094,0.002622697502374649,0.003044467419385917,0.001820828765630715,0.0020144227892160416,0.003571938723325674,0.004267221316695213,0.005958667956292685,0.004974715411663055,0.005500525236129816,0.015291696414351415,0.00377229508012533,0.004410885274410192,0.004008971154689789,0.0022436100989580154,0.005776047706604059,0.020253171445801965,0.018725823145359755,0.01219055056571959,0.01771179772913461,0.010258865542709885,0.004267576383426841,0.008840873837471064,0.0048005543649196555,0.00397330522537237,0.005042917560786064,0.006312088109552749,0.018473736010491848,0.004299342632293812,0.020239477977156584,0.020485522225499153,0.01645696163177493,0.014967259019613037,0.017802713555283844,0.014722235500812475,0.011419788002968001,0.00216753035783767,0.00208424031734461,0.0026693064719437963,0.004249431192874853,0.005704584997147321,0.007617488503456171,0.006360685452818817,0.004588916897773694,0.0051211025565863245,0.004725346341729168,0.004288479685783386,0.01602404937148094,0.016652420163154658,0.015174105763435426,0.013699490576982554,0.012800704687833786,0.009993046522140444,0.009897993877530039,0.010322103276848738,0.010831892490386914,0.0015503875911235289,0.006185442209243774,0.003999419510364595,0.008726416155695856,0.008168300613760893,0.003751583397388354,0.0038468018174171448,0.0038651861250400613,0.0034100324846803587,0.0035487606655806867,0.0038841888308526196,0.014973785728216234,0.01718740910291661,0.020039853872731217,0.008222492411732674,0.019465120509266853,0.01687603211030364,0.016906308243051088,0.0059367176145314615,0.004500973969697966,0.005712838843464905,0.010756259784102388,0.004558733664452974,0.004522047936916247,0.003808885812759448,0.004331039264798105,0.004175922833382974,0.004162944853305761,0.004029456526041086,0.004431730892974883,0.006982007995247782,0.0031226947903633673,0.010755728930234916,0.004217073321342524,0.0033414363861083984,0.00528717041015625,0.0050564730772750255,0.0038348082453013056,0.008579142391681616,0.004250138998031672,0.006134703755378668,0.005823386833071764,0.005181431770324818,0.00959844142198557,0.011458441615104675,0.00443604588508606,0.009133562445640564,0.007729537785053295,0.011725848773494307,0.004121243953704841,0.003141164779663143,0.006306707859039307,0.005287976935505926,0.004944142885506266,0.007705000229179915,0.0035706311464309692,0.013184493174776435,0.011445168405771249,0.01132576540112501,0.016260206699371282,0.01388778630644083,0.005014923401176874,0.00529428385198105,0.005662312731146816,0.010141845792531974,0.006000808440148721,0.006721013225615137,0.007122899405658243,0.00739887636154879,0.007386187091469709,0.00679357349872578,0.005701603367924798,0.003254573792219162,0.0020336862653493847,0.004692196846008342,0.002412017434835441,0.010662885382771544,0.0096314288675785,0.009969565086066721,0.013905532658100128,0.0110347345471382,0.005902063101530131,0.005210235714912477,0.01473858393728733,0.01198379602283245,0.004418358206748851,0.011489752680063133,0.011870302259922139,0.013164505362510681,0.014548689126968321,0.012309534475207277,0.0048381891101599885,0.003672020509839006,0.00301027670502663,0.002504515461623837,0.0026747882366180385,0.0057487450540065765,0.008610790595412199,0.007978171110153254,0.00538874976336956,0.005988858640193939,0.009937483817338942,0.011217647232115326,0.006292872130870861,0.00621062889695162,0.006536889821291081,0.003822188824415096,0.015553364530205723,0.016675896942615457,0.014928843826055475,0.006153861686470918,0.002807307057082653,0.007834329735487644,0.0019647227600216866,0.0020156987011433775,0.002817115164362005,0.014274341985583361,0.0036470498889683532,0.007906634360551888,0.008552527986466885,0.004863698966801222,0.004580914974212584,0.006473237648606189,0.006894707679748563,0.0023448863066732883,0.00403317250311375,0.004649929702281855,0.004767522215843201,0.005505464971065466,0.012902720598504003,0.016336649772711098,0.01740712973696651,0.01655095303431159,0.014382767491042668,0.00764484703540802,0.004449352622032152,0.005258038640022278,0.00488496292382473,0.004594273865222879,0.004134138114750386,0.004835871513932999,0.005265257321298179,0.00578340888023382,0.004527579993009727,0.00492016226053249,0.005058594048023113,0.004255078732967377,0.004746891558170277,0.004100102931261063,0.004296392202377375,0.004158902913331992,0.006225600838661305,0.006255038082599529,0.0066020577214658815,0.007436102256178852,0.010823296383023318,0.005893751978874151,0.006178524345159527,0.0036578476428987816,0.009773477911949158,0.005244268104434013,0.005213811993598995,0.005424313247203827,0.006700787693262093,0.005113613791763725,0.012762987054884434,0.011468290351331178,0.013141313567757612,0.01201318576931953,0.006057266145944533,0.010317598469555378,0.0067034959793091375,0.007569178938865662,0.00676078349351894,0.004392659291625136,0.003386162221431732,0.0034619830548763275,0.0028637051582336356,0.002247938886284939,0.003778856247663387,0.003772921860218048,0.006672283168882132,0.004576779901981451,0.005263902246952182,0.014172829687595367,0.0043494002893567085,0.0036796145141124725,0.0039364881813526015,0.004755680449306965,0.005782574415206854,0.018716876162216067,0.01724709756672388,0.012643650174140986,0.016503158956766132,0.00940880831330998,0.0038334457494784147,0.006370827555656433,0.0038445889949799764,0.003002665936946869,0.005118034081533551,0.006129620596766472,0.01769597828388214,0.0033910535275937306,0.01879266742616892,0.018668670207262206,0.016312936320900837,0.01449136808514595,0.01638115243986249,0.01429087296128273,0.011564888060092926,0.0030593760311603477,0.002557050436735153,0.0029083453118801082,0.0031308457255363464,0.005552727263420819,0.008148699067533016,0.006235883105546236,0.004023637622594889,0.004423210397362709,0.004481395706534389,0.0045299045741556965,0.01789533533155918,0.019286524504423135,0.017439015209674842,0.015085250139236346,0.013529472053050995,0.009456997737288479,0.010312786325812343,0.011288579553365707,0.011937869712710384,0.0018287543207407032,0.007464170455932562,0.007789872586727142,0.007909263484179975,0.0032372549176216125,0.0028434377163648605,0.0030119717121124268,0.004713304108008742,0.004795538028702195,0.0035022106021642616,0.015000764280557778,0.015994682908058167,0.018212132155895178,0.009956085123121737,0.017665013670921336,0.01605833368375892,0.01674197008833289,0.005901319906115532,0.005897194147109992,0.005431057885288915,0.00952591001987458,0.004887523129582294,0.004229117184877403,0.005858637392520849,0.006001234054565367,0.005933802574873026,0.005249094218015836,0.004965992644429207,0.004699343582615145,0.006841246038675308,0.005603492259979338,0.009775195270776742,0.0038665682077407837,0.004525320604443554,0.008335277438163757,0.005341646639863029,0.003728775307536125,0.007850978523492813,0.004371024668216761,0.006424278020858765,0.005472430959343966,0.004954710602760259,0.006972510367631912,0.00798536092042923,0.006250582635402763,0.006764814257621751,0.00854397565126419,0.009964000899344683,0.003907363861799296,0.004634166136383953,0.007292740046977886,0.005351962521672252,0.005083588883280754,0.00826403871178627,0.004915732890367508,0.013004230335354805,0.0100860446691513,0.00897134467959404,0.004930506460368578,0.005084078758954943,0.0052674598991869735,0.009845744818449027,0.005749549716711159,0.006101293489336969,0.006454754620790482,0.006620705127716009,0.0068517047911881845,0.008562415838241577,0.005597326904535238,0.0022571794688701664,0.0037041828036308774,0.00276383385062217,0.006901536136865609,0.00801976025104522,0.013040900230407711,0.007931165397167206,0.005465053021907862,0.0052733272314072765,0.011634891852736477,0.0051465705037117004,0.011913333088159565,0.012940065935254104,0.015084125101566315,0.01663535088300705,0.014872759580612183,0.004574558697640896,0.003662257455289364,0.0030309148132801073,0.00228683277964592,0.0034826584160327877,0.005843702703714371,0.008099781349301395,0.007359566166997067,0.005055046640336515,0.004227459430694587,0.009417499415576456,0.011858439072966574,0.006254356354474959,0.00442595779895788,0.015393707901239395,0.005206756293773651,0.0030572218820451597,0.007847428787499666,0.003184424014762044,0.0022413991391658783,0.002205402590334417,0.01377286575734615,0.004421496763825413,0.005874913185834885,0.007527893874794245,0.003769169095903635,0.003618113696575165,0.0047159660607576336,0.0048226118087767444,0.001965617528185248,0.004309514537453655,0.004058010876178811,0.003727022558450699,0.00473386794328684,0.011874619405716658,0.01491598342545325,0.01587684638798237,0.015156980603933336,0.013145526871085222,0.007058937102556118,0.006765909492969513,0.006233615800738342,0.005636023357510622,0.005234813317656517,0.005329597741365431,0.005009914748370647,0.005242587067186831,0.007918491959571894,0.003447502851486206,0.005048561841249459,0.0041012391448020935,0.003783248364925329,0.004017338156700245,0.0028958693146705627,0.0037813857197761536,0.0037181265652179232,0.005862245336174906,0.006064353510737419,0.006568181794136763,0.006789073348045349,0.009734230116009716
0.011018160730600357,0.00601246207952498,0.007094919681549017,0.007100436836481087,0.006245233118534033,0.0063179731369019665,0.010800939053297043,0.011473558843135893,0.02392225712537765,0.028023730963468555,0.022565585662960103,0.012191604822874062,0.012370768934488241,0.011870127171277944,0.04027125239372248,0.042921483516693164,0.04611470550298685,0.04954675585031504,0.04470515437424177,0.0058173164725304205,0.007428918033838161,0.015635691583156586,0.008505878038704395,0.008563013747334425,0.0094299186021089,0.011951172724366192,0.008935521356761457,0.023076248820871226,0.020796694327145815,0.023703389801084884,0.021869511343538706,0.010248910635709645,0.021848085569217746,0.012853004038333792,0.010244339704513591,0.012363962829112896,0.008404199033975603,0.011027581989765174,0.012132953852415043,0.010212499648332714,0.007587360218167305,0.010379936546087265,0.009393056854605675,0.00851591769605875,0.006204821169376373,0.006315015256404877,0.025767270475625995,0.007182908244431017,0.010119788348674726,0.009676430374383926,0.009633764158934355,0.0061418116092682995,0.03367802745196974,0.031248283106833752,0.019820794463157654,0.028679776005446904,0.016724394634366035,0.003939230227842927,0.015586048364639282,0.010401789098978147,0.008710060268640511,0.005996023304760456,0.008579083718359524,0.03097045887261629,0.01063638180494314,0.033554886467754785,0.03385771997272968,0.02408225834369657,0.02464020997285825,0.027526616002433002,0.02517438679933548,0.01972201466560375,0.01186402514576912,0.010666273534297936,0.008379044011235185,0.009732082486152538,0.007317025680094903,0.01607570052146906,0.00868129730224604,0.007957845926284693,0.010464813560247532,0.011234363541007045,0.011751752346754074,0.04012460168451059,0.046259373426437315,0.04433276504278184,0.040389157831668854,0.03766183368861681,0.02712605707347393,0.027499839663505558,0.027009816840291023,0.026974704116582923,0.007354738190770097,0.013999432325363104,0.006486751139164075,0.019547726027667467,0.018274985253810827,0.007833324372768347,0.01005256362259388,0.008245445787906654,0.00827990286052227,0.009173781145364046,0.010012876242399216,0.023280832916498212,0.027544151991605703,0.03328212292399246,0.019197940826416016,0.031465440988540705,0.02477871440351012,0.023404481122270143,0.01075883954763418,0.009330153465270982,0.009384889155626297,0.01828006841242308,0.007030462846159935,0.0085151903331279,0.009634237736463616,0.009934045374393408,0.010265407152473816,0.008981424383819159,0.00824082735925924,0.007416998618282267,0.010291850194334928,0.010160990059375756,0.01879615709185606,0.006058193743228857,0.008114069700241151,0.009695395827293424,0.007966014323756099,0.01018548756837856,0.014879446476697977,0.008533988147973959,0.01525916159152979,0.009676545858383182,0.007019743323326222,0.009248510003089905,0.012207590043544825,0.010893844068050385,0.010628685355186462,0.014427289366722051,0.02110960055142641,0.006687350571155715,0.008775902912020633,0.011815182864665985,0.009514780715108025,0.008860581554472502,0.012901690788567009,0.011456940323114395,0.024336791655514445,0.012772105634212556,0.010150168091058787,0.022533970419317456,0.027746200328692794,0.008835889399051557,0.008993149735033401,0.009444881230592672,0.01840110868215556,0.010583320632576942,0.012103298678994238,0.012814401648938599,0.013187596574425696,0.013024667277932167,0.01208300888538355,0.010285433381795939,0.007688451558351461,0.007361894473433491,0.009677160531282418,0.006794579327106434,0.01610259152948862,0.009889464825391839,0.014878362417221068,0.02758316788822407,0.013304367661476121,0.00992733240127569,0.0068819038569927285,0.03100411593914032,0.018861377611756436,0.01142220944166171,0.03339510783553118,0.03451677411794657,0.03778851963579655,0.03915963880717754,0.03182477317750454,0.006837777793407544,0.006264688447117809,0.006380748003721289,0.007371798157691787,0.010649926960468292,0.00858204625546927,0.013713163323700372,0.013046013191342352,0.008117081597447399,0.010378699749708176,0.015509261749684809,0.023433831520378645,0.007554739713668823,0.00848418846726412,0.008799593895673807,0.007655601948499631,0.03428180888295185,0.03932340722531086,0.034179892390966415,0.0076275356113910675,0.009008876048028525,0.014151959912851453,0.008082355372607708,0.008348212577402647,0.010408933536382448,0.03005013521760702,0.008798219263553727,0.008651634678244596,0.014345410512760226,0.005477330414578319,0.012144070118665688,0.005739064887165971,0.012571349740028395,0.009704188909381628,0.007048085331916754,0.00803469866514206,0.010233044624328669,0.007020540535449926,0.02080396586097777,0.02654489164706314,0.028410925515345353,0.026990266051143408,0.023799673654139097,0.013465017080306944,0.010219641029834858,0.009778037667274368,0.009041042067110537,0.008361258544027748,0.008546988945454359,0.008081756997853518,0.008561738301068711,0.01132339239120489,0.010528292506933316,0.006671562790870618,0.0069249495863913935,0.006603755056858132,0.007203646004200023,0.010077551007270862,0.006187409162521362,0.0070005469024180395,0.010081928223371561,0.00979878939688189,0.010170982219278812,0.013084687292575888,0.018213067203760203,0.006922587752342217,0.00785809755325317,0.007213372737169384,0.00859873741865158,0.007789325900375843,0.007686991244554577,0.007795972749590818,0.008811637759208624,0.007638772949576376,0.016926038078963757,0.016316161490976755,0.016866243444383148,0.014781963080167774,0.008538641035556675,0.021179260220378637,0.008140023797750473,0.010482020676136017,0.009766191244125436,0.008333550766110424,0.01071495562791825,0.011745017021894448,0.009883698076009743,0.0078111123293637084,0.010386742651462666,0.009242046624422188,0.007850933820009232,0.006356857717037229,0.006721504032611791,0.01820654608309269,0.007085837423801367,0.009891804307699203,0.00975500047206878,0.009776878170669079,0.00673636794090271,0.026077263755723834,0.023172901012003533,0.013197913765907343,0.024798844940960466,0.013672756962478215,0.005982758942991495,0.012742564082145691,0.010181549936532974,0.008483640849590302,0.008752905996516347,0.010958855040371418,0.023009693250060085,0.010355584323406226,0.027609572745859623,0.02743327897042047,0.019584571942686924,0.016854036599397666,0.021021639462560388,0.017917156219482366,0.012505672872066498,0.011767812073230736,0.010183162987232208,0.008466606959700591,0.009440161287784583,0.0097994445823133,0.015749109908938408,0.011139884125441313,0.007723867893218814,0.010110581293702126,0.01118574105203152,0.011597126722335704,0.043698775582015514,0.04925237968564033,0.04709926992654801,0.0430082082748412,0.03969678282737732,0.025859592482447624,0.026950392872095108,0.02868676371872425,0.028552683070302006,0.007110185921192169,0.013543024659156744,0.018894477747380733,0.017802092246711254,0.007786691188812256,0.009620491415262115,0.00808679684996605,0.008254992309957743,0.009158510132692754,0.009710595011711055,0.01704290136694906,0.019387736916542053,0.025350869633257337,0.021077267825603485,0.026801213622093204,0.021361227147281087,0.020915006753057245,0.008292714133858736,0.00943033769726754,0.008027309551834894,0.010560046881437246,0.006545178592205049,0.00861268863081937,0.010366719216108322,0.010119704529643007,0.010232216678559836,0.00896840356290346,0.00810849573463207,0.007221169653348514,0.009804094210267178,0.011357735842466389,0.011823512613773346,0.006027027964591994,0.00839729979634285,0.011529624462127852,0.006993375631282106,0.009813857264816761,0.009901601821184158,0.008719578385353144,0.013620898127555847,0.0078845769166947,0.007468722760677171,0.011597160249948502,0.013722389936447144,0.013475582003593514,0.013253822922706604,0.009107314050197601,0.020115163060836494,0.006866432726383209,0.008730066940188408,0.010015167295932714,0.0072966534644365345,0.007195253856480123,0.013192590326070786,0.01100424304604531,0.025811257772147767,0.012987215071916573,0.012251727283000946,0.007097321562469004,0.0073279533535242115,0.007468115538358636,0.011607009917497628,0.008121886290609896,0.007946624420583246,0.008260216563940046,0.00811351835727692,0.00835497304797167,0.009101852774620056,0.007443692535161969,0.007333621382713318,0.009372759610414498,0.006645847111940391,0.008717358112335198,0.01189756020903588,0.027207119390368458,0.015637755393981934,0.0077629089355469305,0.006589174270629938,0.020158644765615463,0.012469895184040056,0.03380529582500458,0.03689176216721535,0.040118640288710594,0.04155806452035904,0.034652404487133026,0.0065276483073830605,0.006250835023820397,0.006333846598863603,0.006825161166489121,0.009847788140177723,0.007399091497063585,0.010876176878809984,0.01023054309189314,0.0074887992814183235,0.009261474013328552,0.013668842613697052,0.025916645769029856,0.008319266140460961,0.00787352398037916,0.03581093903630972,0.006470379419624806,0.008563550189137459,0.015110977576114237,0.007663318421691657,0.007788149639964104,0.009132607840001696,0.029811737127602097,0.0088646356016398,0.006983343511819843,0.0126373628154397,0.00599121069535602,0.010653067380189896,0.008378216996788975,0.010556846857070923,0.008933787001296767,0.007382886484265324,0.007893569767475198,0.009801406413316775,0.007227092981338376,0.016670674551278353,0.02073762216605246,0.021438466385006905,0.019493757747113705,0.015984680503606737,0.00905495136976231,0.011884950101375566,0.009215082973241757,0.008660724386572893,0.008162681013345663,0.008218400180339811,0.007648911327123642,0.007875973358750343,0.012635231018066406,0.010091610252857215,0.007297135889530244,0.006853781640529688,0.006514921784401051,0.007011465728282984,0.009528830647468574,0.0061727687716484625,0.0069615766406059335,0.008741268888115827,0.008256368339061739,0.008290603058412616,0.008191179484128955,0.011960448697209355
0.020629405975341797,0.01114501059055338,0.012698393315076772,0.010521542280912344,0.010984547436237335,0.010262452065944672,0.014490392059087753,0.017272703349590298,0.03172427602112293,0.03697102330625057,0.027838766676723053,0.022748883813619662,0.023463308811187744,0.023051351308822576,0.05367446504533285,0.05678949132561689,0.06032587587833399,0.06429262273013592,0.0567846680060029,0.010980226099491175,0.010821107774972964,0.02171435952186583,0.012021145783364717,0.012851357460021973,0.01426195353269577,0.01777537725865841,0.012771123088896275,0.0330925839953124,0.029435158707201425,0.03401291463524103,0.031516009010374546,0.015603974461555536,0.024424849543720317,0.019334126263856836,0.015461750328540858,0.018577080219984006,0.012648728676140255,0.020200017839670015,0.022734269499778754,0.018790006637573298,0.01412303932011122,0.019124343991279602,0.014871142804622713,0.008341285400092546,0.010650880634784754,0.010475501418113667,0.03665786609053612,0.009957263246178683,0.012710124254226567,0.012240648269653376,0.01331240031868225,0.009789727628231104,0.047030430752784014,0.0440952717326582,0.026931680738925948,0.039069729857146795,0.02348974253982311,0.00651381677016627,0.022552505135536194,0.013428658246994067,0.011577285826206256,0.0025842483155429363,0.006238978356122971,0.043686437420547064,0.013818919658660833,0.04636427201330662,0.04664563015103346,0.031655589118599864,0.03411923721432674,0.03702439076732847,0.03575487434864038,0.027705281972885243,0.021938998252153383,0.019821628928184447,0.014760917052626662,0.012633483856916372,0.004384867381304502,0.01999107468873268,0.006540284492075391,0.009601965546608013,0.01642860099673277,0.01934310980141164,0.022478871047496803,0.054783564992248956,0.06376427970826624,0.06180660799145694,0.05696509592235083,0.052923476323485374,0.03578384034335619,0.036166328936815206,0.037812961265444756,0.037400864064693395,0.010233776643872209,0.018779888749122564,0.011833794414997163,0.024792834185063783,0.022915959358215332,0.011447392404079493,0.01336090266704559,0.011153757572174142,0.011483367066830397,0.012717374134808779,0.012967970222234781,0.031180400401353947,0.03770374879240984,0.04638440057169635,0.026007064618170206,0.04254802782088524,0.032544406596571235,0.029866250464692625,0.016057401895523016,0.014102276414632811,0.01306591182947164,0.02642591483891016,0.010546621866524221,0.010283585637807728,0.012869335711002343,0.013505313545465358,0.01283553149551153,0.01202719891443843,0.01083584525622433,0.010881880327360594,0.014171501621603962,0.012885250151157428,0.027149181813001633,0.0107481330633164,0.011351548135280609,0.013004750013351496,0.011617886135354638,0.013318115845322609,0.02197089046239853,0.01044608652591699,0.02130779623985285,0.013496803119778744,0.010166652500629425,0.008203782141208649,0.010918937623500768,0.013508535921573653,0.015222981572151184,0.0207633376121521,0.022814610041677896,0.011501893401145935,0.012765804305672536,0.01777859777212143,0.014153901487588993,0.013172739185392968,0.016942322254180908,0.014719590544700623,0.02737623272696499,0.011441640555858619,0.00734778493642807,0.02869902877137062,0.031017075991258025,0.012875187210738602,0.012788864783942587,0.0131558272987603,0.026588350534439094,0.01572040002793068,0.01847449876368057,0.019781088456511497,0.02037866041064268,0.01998128369450569,0.017289489507675032,0.015472915023565348,0.014407213777303696,0.011969150975346617,0.012251168489456114,0.013006627559661879,0.021265301853418458,0.008812710642814636,0.014946550130844121,0.031162720173597336,0.018833786249160753,0.014195371419191416,0.010289937257766835,0.03572488762438297,0.020601827651262228,0.015165865421295055,0.04509526491165161,0.048905303701758274,0.05296902917325491,0.05429386347532277,0.043637436814606245,0.010625267401337735,0.009674489498138428,0.009473966434597973,0.01023924816399802,0.013875305652618405,0.012216025963425636,0.01868285425007349,0.01816338207572693,0.012482613325119022,0.014254759997129447,0.020977305248379763,0.03040611371397972,0.010852299630641882,0.012127235531807008,0.012138951569795671,0.010816097259521484,0.04081018548458826,0.048540909774601515,0.04370268527418375,0.006828977726399899,0.012035180814564228,0.016360748617444187,0.010305865667760428,0.011318221688270682,0.013748751487582977,0.035127085633575916,0.011182764545083046,0.007815685123205187,0.014811092289164664,0.009405791759490967,0.016275461763143526,0.008058214560151045,0.017406903207302107,0.013367610517889261,0.010044515132904,0.009626209735870361,0.012847978621721275,0.009745776653289892,0.02850335300900042,0.0368172173621133,0.03973314537142869,0.03810189710929984,0.03383218962699185,0.01999180018901825,0.011143065989017625,0.014826297760009707,0.013924925588071345,0.012721342965960447,0.011046261060982943,0.01183667546138173,0.011950143612921293,0.01404477655887601,0.013623986393213376,0.010024163872003507,0.009783938527107294,0.010400168597698267,0.009651519358158153,0.013282813131809242,0.010559543967246954,0.011067021638154984,0.013902714475989342,0.013622624333947841,0.014179779682308491,0.0199354607611894,0.02646318636834627,0.010084763169288753,0.012374967336654604,0.012756850570440459,0.011485032737255096,0.011265319772064686,0.011642442084848825,0.012110039591789246,0.013751121237874028,0.010560180060565414,0.022699040360748768,0.020311030559241716,0.022942664101719853,0.02139768935739994,0.013744018971919895,0.02292348732589744,0.012806061655282919,0.017480164766311687,0.014888711273670259,0.014390898868441637,0.01817960664629937,0.02230564504861831,0.01747482270002365,0.016207061707973258,0.02067749947309505,0.018831688910722726,0.0086970254778862,0.011704787611961434,0.01183648407459248,0.021878696978092197,0.010829398408532198,0.016606017947196954,0.016178108751773827,0.017176813445985317,0.011077873408794403,0.03372970293276012,0.029401919804513454,0.015309564769268091,0.032450517639517784,0.01756936032325035,0.009466671384871006,0.022615686058998108,0.01668797433376313,0.014506839215755463,0.009986384538933635,0.012972023338079453,0.02854457870125771,0.017358366400003433,0.03601192450150853,0.035901138093322627,0.022840335965156694,0.021060094237327576,0.02748251939192414,0.021186515688896124,0.014751821756362915,0.02075473219156264,0.019148610532283783,0.017460476607084274,0.015906549990177155,0.011318284086883068,0.018332004547119137,0.013221861328929663,0.013369865715503637,0.019921679049730304,0.02202493511140347,0.02263770997524272,0.05491605959832668,0.06359870173037052,0.06148644536733627,0.05667296238243569,0.052678829059004784,0.03413565829396248,0.03424553945660591,0.03594525158405304,0.035141581669449806,0.014500705525279052,0.023621484637260437,0.02332292217761278,0.02143936138600111,0.013748746365308762,0.01646614633500576,0.014094110578298562,0.012769761495292131,0.01494748005643487,0.016384296119213108,0.020469494163990028,0.02564362250268462,0.03290393296629179,0.02379137370735407,0.035239847376942635,0.02627695474075145,0.02483476931229231,0.013081531971693098,0.015525408089160926,0.01066580601036532,0.015686277300119456,0.009788964875042383,0.014574423432350214,0.017511516809463556,0.016555208712816183,0.01647975016385317,0.014073996804654654,0.01221566554158926,0.010438212775625177,0.012930497527122612,0.01973245665431026,0.016353346407413483,0.011444531381130232,0.013518685474991802,0.0197240710258485,0.009586667380062863,0.01653124298900366,0.015187591314315796,0.014405384659767206,0.0244302898645401,0.010412396863102972,0.012416608631610815,0.015907913446426385,0.019070841372013092,0.02305740118026739,0.018596999347209917,0.014746919274330153,0.020834583672694862,0.012336656451225274,0.014666760340332985,0.016209870576858465,0.011239092797040998,0.01081282179802656,0.015859580598771572,0.019988652318716056,0.028145210351794958,0.015225391834974171,0.015193212777376168,0.010254327207803839,0.01004372164607048,0.009894605726003647,0.016554355621337884,0.011465554125607071,0.011817561462521553,0.01257041469216341,0.01266481727361679,0.01299011707305903,0.015516534447669983,0.011764815077185513,0.014351855963468552,0.015559703111648497,0.01309542357921601,0.01170422509312629,0.012034265324473385,0.030080627184361216,0.0219339355826378,0.010344371199607905,0.009953733533620827,0.020687621086835865,0.02242238074541089,0.044153494760394096,0.04801276512444019,0.05174316279590119,0.05295855179429054,0.04240146931260824,0.014263912104070187,0.01386371161788702,0.013876851648092383,0.014312905259430407,0.018277322873473164,0.009688036516308784,0.013966641388833578,0.012626346200704464,0.01551673095673323,0.016636025160551078,0.01746590342372656,0.029566605109721422,0.011397231370210634,0.01282022893428808,0.04341104160994291,0.006130200345069169,0.015549568459391594,0.014763273880816996,0.014755309093743563,0.01522153802216053,0.017375570168951526,0.03439687844365835,0.01450162939727306,0.009037667885422707,0.012573382817208769,0.010959877166897058,0.019383050501346588,0.011358287185430523,0.019422464072704315,0.017197271576151252,0.011625384911894906,0.013610266149044106,0.016386505216360092,0.012624062597751562,0.02157692378386855,0.02695761132054031,0.0278103812597692,0.025044376030564308,0.02031049318611622,0.014168411493301336,0.02016521245241165,0.014656182378530506,0.013650065287947762,0.012492690235376414,0.012063576374202965,0.010774103924632128,0.01067674439400429,0.021945923566818237,0.01688097044825549,0.011490255594253491,0.012286908924579634,0.01184550672769552,0.012429632246494349,0.016176704317331314,0.011542372405528967,0.012441482394933714,0.010980293154716495,0.010706423316150848,0.01044519804418087,0.012840934097766935,0.017677927389740937
0.0240509063005448,0.015092216432094602,0.017003931105136767,0.013869900256395236,0.014507576823234503,0.013249717652797754,0.018557192757725716,0.0195387601852417,0.037397139705717564,0.043105635792017045,0.029151874696253802,0.026615936309099295,0.028058085590600967,0.028246425092220306,0.06474221125245094,0.06745698302984238,0.07024723663926125,0.07390728220343595,0.06433275621384382,0.015052802860736847,0.01533803343772893,0.023071043193340315,0.01366488914936781,0.014610005542635918,0.01621018629521137,0.019850371405482296,0.014901818707585335,0.03802247671410447,0.03429095167666674,0.03841662220656872,0.03536743205040693,0.017274219542741782,0.02841056720353663,0.021883368492126475,0.017233721911907265,0.020752370357513372,0.017167329788208008,0.024308539927005768,0.02796461805701251,0.023646298795938547,0.01920127309858799,0.024564567953348153,0.019534144550561905,0.011915720067918356,0.014824427664280049,0.014188684523105621,0.0403099600225687,0.01246023830026388,0.016106020659208242,0.015478849411010631,0.018162216059863512,0.012886360287666432,0.05311705870553851,0.0489267590455712,0.028615243732929285,0.04533252958208328,0.027944208122789804,0.005963816074654458,0.021637760102748912,0.016935415565967497,0.015599761158227914,0.007022940553724766,0.006872662343084703,0.04826314281672245,0.017101053148508127,0.053152395412325804,0.053445020690560285,0.03338887728750706,0.03714838996529568,0.04104696295689797,0.039213925600051935,0.03016933798789989,0.0264243446290493,0.024874255061149528,0.0201639030128718,0.015911426395177786,0.007589514832943679,0.026823191903531607,0.004812677390873377,0.013994239270687048,0.018983287736773435,0.02528746984899038,0.02817018702626234,0.06383902858942742,0.07484090514481062,0.07350800931453705,0.06896492838859547,0.06485260836780071,0.04154007136821758,0.04511047154664994,0.046967897564172856,0.04590319283306598,0.014872759580612238,0.017397746443748502,0.016012303531169947,0.025543852709233816,0.027863393537700287,0.016404949128627833,0.016380315646529198,0.016030989587306928,0.014589928090572357,0.016643241513520424,0.01604722812771814,0.0332358963787556,0.041485710069537114,0.052314081112854016,0.03208181820809841,0.049061356112361065,0.036130039021372795,0.03125802078284318,0.018047485500574056,0.015753459185361862,0.015525291673839092,0.029098758473992292,0.013438746333122252,0.014456938952207503,0.014328818768262856,0.015134656801819746,0.01598962023854239,0.014204051811248009,0.013060475932434312,0.013413258492619207,0.018009630963206236,0.017384894192218836,0.03013245388865482,0.014962486922740992,0.014641696587204937,0.012715861201286316,0.014473430288489908,0.016243161633610777,0.024424284696578986,0.01423940435051918,0.02017244696617121,0.016114337369799673,0.013623893260955755,0.007998719811439507,0.014655515551567133,0.018145926296710982,0.014940127730369561,0.022966928780078902,0.02692673588171607,0.015895958989858634,0.016746096312999725,0.01992321759462351,0.015879221260547804,0.014683548361062948,0.02290203049778944,0.01865984499454499,0.03509103885153303,0.017549049109220498,0.014449868351221085,0.03185879718512291,0.036468729143962264,0.014472017064690536,0.01466052141040552,0.015455590561032243,0.029605422168970115,0.019494821317493916,0.022736402228474676,0.023943712934851646,0.024344764649868067,0.02344339154660696,0.018554851412772994,0.017453996464610044,0.018460925668478005,0.017108520492911335,0.015695694833993794,0.017521392554044786,0.025663968175649695,0.005345784127712257,0.015184273943305132,0.03680293448269373,0.017551004886627197,0.017339501529932078,0.013586845248937725,0.04145597200840706,0.02833383902907366,0.018752239644527324,0.05611762404441839,0.06012667529284943,0.0639339536428451,0.06469842046499258,0.05175916571170098,0.011607911437749752,0.013260651379823633,0.01389425434172159,0.010782971978187507,0.016868197359144625,0.015602370724081938,0.022343824617564623,0.0217487970367074,0.011308584362268455,0.015279147773981094,0.025186369195580427,0.03605990996584296,0.014302052557468317,0.01596251875162119,0.016028139740228597,0.013962283730506952,0.04682544525712723,0.0551860854029656,0.050781399011611994,0.00608362141065294,0.01530891191214323,0.0206037992611528,0.014474836178123895,0.013331771828234307,0.01613166043534875,0.0406021298840642,0.014925150200724657,0.004641756415367128,0.01622921251691878,0.006358425365760922,0.017705935984849923,0.007153859362006024,0.017533816397190108,0.01438690023496747,0.012840773910284042,0.014044545590877477,0.016344185918569572,0.01378021389245998,0.0334151701536029,0.042426542961038705,0.04494261274521705,0.04251610534265632,0.03725455235689884,0.02203280851244921,0.01406009495258348,0.016499616205692288,0.015722175128757954,0.014586562290787699,0.013015085365623237,0.014184535946697052,0.014507416635751783,0.012630015611648615,0.016999173909425895,0.012923050671815817,0.014106683433055878,0.014731153845786993,0.01391585171222691,0.01639948412775999,0.014899037778377477,0.015497125685215003,0.01674784161150455,0.0166063662618397,0.017457471927627866,0.022901035845279687,0.02946418523788458,0.013013008981943179,0.01343433745205402,0.01642397046089184,0.010895960032939925,0.012015874497592395,0.012408764101564941,0.012952467426657677,0.014611838385462754,0.011351516470313015,0.02816509548574686,0.02569528017193068,0.027761038392782215,0.024299250915646498,0.013850897550582823,0.025899989530444145,0.014041930437088013,0.016270436346530928,0.01453386619687081,0.016975315287709236,0.02046791091561318,0.02611610665917396,0.019205667078495026,0.017680119723081478,0.023604687303304783,0.02124005183577537,0.010906982235610485,0.015353128314018333,0.01515667885541909,0.026335207745432854,0.012608719989657404,0.019748695194721277,0.01908296719193458,0.019124205457046628,0.013871364295482691,0.04094938864000147,0.035467856563627775,0.017020404338836614,0.039108142256736755,0.02187985740602022,0.009433904895558953,0.024025849997997284,0.02024145424365998,0.01805458590388298,0.012496974552050233,0.015985452570021152,0.034140778705477715,0.020573362708091743,0.043589305714704096,0.043444130336865894,0.025279264897108245,0.024495821446180344,0.032302058767527314,0.025100950151681845,0.016901895403862,0.023640241473913193,0.0215553417801857,0.019386988133192173,0.019466836005449295,0.01410107407718908,0.022562610916793346,0.016209581401199102,0.01701432466506958,0.02255370467901229,0.02561583556234837,0.027018517255783192,0.061207146383821964,0.07170920632779598,0.07018828578293324,0.06594919227063634,0.06191792152822018,0.04138682968914509,0.04135140962898731,0.0417132917791605,0.04023976810276508,0.0160263366997242,0.024502784013748224,0.028649655170738697,0.025977876968681812,0.017357539385557175,0.01977843791246415,0.01758035644888878,0.014687765855342148,0.016895387321710476,0.01927196606993675,0.022851258516311618,0.030064594000577906,0.039992317557334844,0.02693105209618807,0.04238518327474594,0.030612401664256994,0.026724245864897966,0.013995936140418112,0.01574954390525824,0.01165216602385033,0.01670128107070923,0.01144318562000979,0.01787107437849049,0.017979420721530907,0.01735607348382473,0.017595924437046107,0.015341565478593167,0.013544092187657897,0.011769083015678805,0.016877723857760544,0.02137895673513411,0.0169188492000103,0.015282392501831069,0.01597672700881952,0.01747830212116247,0.01078425781452097,0.01942322496324778,0.01615249738097191,0.017388280481100075,0.027204319834709167,0.011390322819352209,0.01526863127946848,0.018891286104917526,0.024152487516403198,0.024854212999343872,0.022169012576341636,0.012046359479427352,0.024402050650678575,0.016366925090551314,0.017208095639944132,0.01572120189666737,0.011952167376875825,0.011442744173109476,0.0193382129073143,0.022565066814422614,0.03320810245350003,0.024201437830925092,0.023664668202400208,0.010729698464274462,0.010574061423540115,0.010566705837845747,0.01580022647976876,0.013641018420457948,0.015444327145814953,0.01584229152649641,0.015005387365818024,0.014993891119956915,0.01142534613609314,0.012659883126616419,0.016465436667203903,0.01906798779964447,0.016060441732406616,0.01470432057976722,0.014082042500376701,0.034318831749260426,0.027278341352939606,0.012002404779195841,0.011919315904378891,0.026528429239988327,0.025177836418151953,0.052289217710494995,0.056287890300154686,0.05944341793656349,0.060015562921762466,0.04767195601016283,0.015435601584613323,0.014896071515977386,0.014747764915227892,0.015021491795778273,0.020704632624983784,0.013109028339385927,0.017759664915502127,0.016643596813082584,0.016910295002162457,0.017980366945266724,0.02170928334817296,0.03264234494417895,0.01503710821270942,0.01546142995357519,0.047824522480368614,0.007271720096468925,0.01813649572432041,0.016609256381343585,0.01738324435427785,0.017677370458841324,0.019594713929109275,0.039465983398258575,0.017303746193647385,0.010814089328050617,0.013593326322734356,0.011075237765908241,0.021221548318862915,0.012651784345507618,0.02092733234167099,0.018790239235386252,0.013807229697704367,0.01711115986108787,0.019850630313158084,0.0157770738005637,0.026531231123954058,0.03296306054107845,0.033982901368290186,0.030737235210835934,0.02496705576777458,0.014269534498453085,0.020518727600574493,0.015352889895439155,0.014461072161793764,0.013421749696135521,0.013144553638994748,0.011820017360150814,0.011687075719237383,0.0210253298282623,0.020315263420343344,0.013920985162258155,0.015832036733627375,0.015434391796588953,0.01594474166631704,0.019565880298614502,0.015247352421283666,0.01620506122708322,0.012341490015387473,0.012623865157365799,0.014035209547728245,0.014496264979243226,0.01877430081367493
0.03193121775984764,0.01872856169939044,0.021712664514780045,0.015264794230461072,0.01758946478366856,0.015790961682796534,0.020073264837265122,0.022177951410412677,0.04012424498796463,0.045926712453365326,0.029551907544373562,0.03545009717345238,0.03781674057245255,0.03866937011480326,0.0761763472110033,0.07876626029610628,0.08112283609807502,0.08467827178537851,0.0724432435818016,0.01895982027053833,0.019715365022420932,0.02448701113462448,0.016257960349321254,0.017336522229015827,0.018917358480393942,0.02255529910326004,0.017340177670121137,0.04204443329945212,0.03796479664742952,0.0423722080886364,0.03898806404322386,0.019775453954935067,0.029035593150183614,0.024586264044046405,0.020365141332149575,0.023480650037527084,0.023167656734585707,0.03233550861477852,0.03783209621906275,0.03180530667304998,0.026179967448115356,0.03362160921096797,0.027228225022554398,0.010640803258866016,0.01849670708179474,0.01743148267269136,0.04343018494546408,0.01645181979984045,0.021482214331626837,0.02078529447317118,0.025313328253105283,0.015583284199238046,0.05730557022616262,0.05257106898352509,0.029597707092762007,0.04904218204319477,0.031165963970124666,0.009748283307999372,0.030246570706367493,0.022392921149730682,0.020714379847049706,0.006692111026495696,0.0031101759523153305,0.05167865101248026,0.022862982004880905,0.05749548197491089,0.057305836700834334,0.033476023003458984,0.03910581767559039,0.04260083928238598,0.04214697331190115,0.03234132379293453,0.035397049039602224,0.03346758708357805,0.027580188587307982,0.021344937384128626,0.004541421774774791,0.02932598534971481,0.0016401121392845587,0.017990060150623377,0.026859128847718128,0.03496169112622732,0.03855708241462703,0.07212504884228105,0.08588331192731852,0.0852494295686483,0.0809548813849687,0.0765331145375967,0.0480441702529788,0.05197391286492342,0.0537441186606884,0.0518106184899807,0.02071810327470308,0.02677731215953827,0.02027419954538351,0.028798112645745222,0.031018417328596226,0.021617297083139475,0.022302297875285204,0.021161668002605397,0.019501475617289488,0.022595569957047645,0.02157931029796606,0.03395086899399759,0.04336943663656706,0.05600431270431716,0.03471574746072287,0.05249977204948675,0.03719214070588356,0.030830472940579084,0.020758619531988983,0.018533922731876325,0.017786035314202253,0.03186740539968014,0.015591942705214025,0.018773820251226363,0.020170833915472038,0.020370779559016176,0.021664294414222237,0.019174346700310707,0.017073836643248796,0.015875156212132424,0.019695581868290846,0.025532800704240792,0.032996356487274225,0.01899430155754095,0.019266217947006118,0.01567819714546198,0.016773360199295206,0.021827310323715265,0.027377236634492874,0.018608558923006058,0.03104387223720559,0.018370976671576552,0.016918927431106512,0.011542569845914848,0.014463379979133606,0.027513056993484483,0.021668948233127594,0.025435395538806846,0.026741827838122956,0.020188532769679968,0.022234875708818436,0.02288157492876053,0.01844037696719175,0.017258668318390957,0.024339160881936606,0.027854230254888535,0.035972060693893526,0.01485861092805868,0.012258637696504641,0.03252297942526636,0.0375724146142602,0.01700299140065903,0.017018879763781858,0.01764683984220022,0.03253884613513948,0.02201619278639555,0.02563116047531372,0.02681939583271742,0.02713775634765625,0.02622968703508377,0.02072653174400324,0.020040459930896877,0.02420838549733162,0.023728055879473634,0.0208655335009098,0.0235348790884018,0.027630642987787776,0.0014096684753894875,0.013012766838073732,0.038345667067915146,0.02557533979415892,0.01964277587831026,0.015337895601988012,0.04390079062432051,0.027972746640443746,0.029191069304942974,0.06587958149611955,0.07036582753062237,0.07402334362268453,0.07404707372188567,0.05802474543452274,0.017213292419910323,0.01878106221556663,0.01929490454494953,0.01558157429099072,0.0239487737417221,0.017436839640140592,0.024805214256048258,0.024364749900996574,0.01717267371714121,0.02181919291615487,0.027491435874253456,0.03881908976472914,0.0157744139432906,0.01753491535782803,0.01754480972886091,0.01791570708155643,0.05087342485785484,0.061351421754807234,0.056261593941599075,0.00923127681016922,0.021140228025615212,0.020463448134250994,0.020396063104271833,0.01928338315337913,0.022523785941302832,0.04353578388690943,0.019608536735177103,0.005225941538810732,0.014747951412573457,0.011284601176157594,0.02502088248729705,0.012151144444942419,0.024544350802898365,0.020573579240590334,0.016461243852972984,0.01808380335569376,0.021712176501750995,0.01732122153043758,0.03665025322698062,0.04632416425738489,0.04887432976101996,0.046063695568591356,0.040463793091476075,0.024756979197263725,0.021569289267063294,0.01922119595110411,0.018447467125952244,0.017277242615818922,0.015748149715364035,0.01675107004120946,0.016818799078464564,0.020807817578315874,0.022603742778301336,0.01593518257141103,0.01776288449764253,0.018828757107257788,0.01782221347093592,0.022090762853622443,0.018964789807796423,0.01992969959974284,0.018971594050526567,0.018897394649684263,0.019597504287958256,0.025651914998888962,0.03262778557837015,0.014740377664566158,0.0161953624337911,0.02061953768134117,0.01271443068981172,0.015123474411666449,0.015653003007173594,0.016118705272674505,0.017757562920451102,0.014303529635071695,0.03250874858349562,0.029885643161833286,0.03204562142491335,0.028322778642177582,0.017254974693059852,0.025629718555137515,0.016692116856575068,0.019645951688289642,0.017529070377349916,0.022755453363061062,0.028199233114719398,0.03534752130508422,0.028658811002969742,0.02376270294189442,0.03210432082414638,0.028905458748340607,0.0054235453717410564,0.018969513475894886,0.018454648554325034,0.029495997354388237,0.01629161834716797,0.024684410542249617,0.023935988545417786,0.025815120898187216,0.016637869179248768,0.04511042800731957,0.03913179691880947,0.01859176903963093,0.04375405237078667,0.025431663729250487,0.01359821087680757,0.03300657868385315,0.02528043091297156,0.02297462895512581,0.006219772854819894,0.010467671789228916,0.03729981929063797,0.02608724310994138,0.04840474513184745,0.04783828416839253,0.027004305273294567,0.026799716055393157,0.03512176824733615,0.02810169011354441,0.01929723471403122,0.03154951706528662,0.029509667307138443,0.026113279163837315,0.024650409817695618,0.008165033534169197,0.024071061052381992,0.010978307109326126,0.02100619673728943,0.030575517565011978,0.034840529784560204,0.036908719688654064,0.07005948387086391,0.08406659960746765,0.0834325384348631,0.07948033697903134,0.07511963695287704,0.046592218801379204,0.04814346134662628,0.04945624619722366,0.04708494059741497,0.021615937352180488,0.031495556235313416,0.02979401685297489,0.026991762220859528,0.02222491055727005,0.025468479841947556,0.022497691214084625,0.019546141382306925,0.022664588410407305,0.024562705308198932,0.024608388543128967,0.03262681141495702,0.043795233592391014,0.02973518799990416,0.04690076503902674,0.03327933046966783,0.028184313792735338,0.01728917099535482,0.019895434379577644,0.014423560351133291,0.019855987280607224,0.014225296676158848,0.022030211985111292,0.022756960242986686,0.022039502859115545,0.02255596965551382,0.019953522365540377,0.017632933100685422,0.0153996761800953,0.018672162666916955,0.027837723493576036,0.02004839479923249,0.01915136724710466,0.020169060677290022,0.021388113498687855,0.014016130095114931,0.0249623777344824,0.01901663839817047,0.021463636308908463,0.035699307918548584,0.014164339751005166,0.018568851053714697,0.014562204480171204,0.020626842975616455,0.0317444428801537,0.02450760081410408,0.01348826289176941,0.024002335383556783,0.020580802112817764,0.02219182997941971,0.019000560045242254,0.014780005440115877,0.01430031377822155,0.01852615736424923,0.03010180220007897,0.033706527668982744,0.020006049424409852,0.019359041005373,0.013467076234519424,0.013152116909623094,0.013347098603844532,0.018964242190122604,0.016758376732468657,0.018661257810890675,0.019032221287488937,0.018095482140779495,0.017300555482506697,0.013100177049636896,0.015530467033386224,0.022088948637247093,0.023734975606202968,0.021248001605272293,0.00903309136629104,0.009847743436694152,0.03560958942398429,0.028217956423759474,0.015103731304407175,0.014254312962293798,0.024681223556399345,0.03320785611867903,0.06332815624773502,0.06772822514176369,0.07087110728025436,0.07044235430657853,0.05426688492298126,0.020999069325625896,0.020170253701508045,0.01988905295729637,0.0202341191470623,0.027786509133875367,0.015073109418153707,0.021291168406605776,0.0199396423995496,0.022865596227347847,0.025224436074495316,0.02475344715639949,0.03530377324204892,0.016735967248678145,0.019213050603866744,0.053660714998841286,0.0015022959560155869,0.02403755113482481,0.016208196990191936,0.023346282076090574,0.023742064833641052,0.026487529976293445,0.04198240302503098,0.021811995655298226,0.0047666132450103794,0.011218858882784843,0.01617240672931075,0.028642971068620675,0.015985351055860516,0.028395667672157288,0.025330086005851626,0.017102032899856567,0.021077468991279616,0.024805899709463064,0.019319429993629456,0.030634272377938032,0.03736773016862577,0.038253488484770004,0.03457316290587187,0.02841867320239544,0.016971256583929006,0.025559760630130726,0.019146455451846126,0.018218003213405665,0.01711751613765955,0.016705808229744434,0.015162015333771706,0.014832140877842903,0.026444062590599005,0.025658693164586965,0.016766224056482322,0.019479170441627558,0.019286803901195526,0.019672535359859522,0.02506818249821663,0.01903542131185526,0.020437106490135144,0.014980232343077767,0.015862829983234406,0.01666226563975215,0.01694779843091965,0.021697822958230972
0.03476592153310781,0.02089856564998635,0.024837899953126914,0.016349650919437353,0.019369818270206382,0.017504394054412842,0.02029136568307882,0.027996433898806575,0.03961131349205971,0.04446457140147697,0.02463988504314329,0.03849767893552791,0.041093148291111,0.04210175573825842,0.08896000497043133,0.09217232279479504,0.09489481337368494,0.09873030893504625,0.08349107648245996,0.02168919146060949,0.023225191980600406,0.0290108695626259,0.021704434417188168,0.02279361244291067,0.024085673503577765,0.028409643098711967,0.0222806921228767,0.0473663243465125,0.04247296415269369,0.04822188708931208,0.04509574081748724,0.025160592049360275,0.03190949652344005,0.030778009444475073,0.028186798095703194,0.029311630874872048,0.02795148640871037,0.03543031588196754,0.040965072810649886,0.03510471060872078,0.02850777842104435,0.03645461052656179,0.029232624918222427,0.012640281580388546,0.021044962108135223,0.01955813914537423,0.04725382290780545,0.02172752562910324,0.023646585643291473,0.02377216890454282,0.03088072114042012,0.01773710548877734,0.05947069870308053,0.055475828703492935,0.031737171113491114,0.0499915685504676,0.035243685357272625,0.014750865055248141,0.04454529285430908,0.02453258261084556,0.02472398430109024,0.006321895867586192,0.0017945654690265656,0.05402354616671806,0.02486420050263411,0.05906087055336684,0.05794510315172374,0.03148266859352586,0.04118761047720898,0.04132912389468393,0.045868631452322006,0.03645379096269624,0.03861661255359655,0.03640330210328101,0.02984643913805501,0.02434219047427183,0.004075517412275077,0.034354701638221796,0.0009421193972229385,0.02155635505914688,0.028778778389096205,0.037785617634654045,0.04181548580527311,0.0825292586814611,0.09962402470409876,0.09898844361305242,0.09408018365502352,0.08887962251901627,0.05581432953476917,0.06027437746524817,0.062451051548123304,0.05988598242402077,0.024045215919613835,0.04084439575672155,0.023237369954586043,0.03328642342239624,0.03639387711882597,0.02531675249338161,0.026551151648163747,0.02508892863988877,0.024953031912446022,0.027892848942428716,0.02467497438192373,0.03400798514485368,0.04370840452611441,0.05747567012440402,0.03934046160429716,0.05225725378841167,0.03490557614713913,0.02759755426086483,0.02620278857648373,0.02534836158156388,0.022332861088216194,0.03726331703364849,0.019147304818034172,0.022234190255403456,0.028948362916707993,0.027146877720951982,0.02765151951462019,0.025003875838592593,0.023018106003292016,0.020750607247464303,0.020584791898727358,0.03419571742415434,0.03815368935465818,0.021984130144119207,0.024194333702325824,0.027110874652862577,0.019957198644988405,0.026063650846481268,0.03375452011823654,0.022067863494157798,0.04613438248634344,0.02297915332019329,0.019888922572135925,0.018008746206760406,0.025877326726913452,0.03947399556636812,0.031473297625780106,0.03132145851850504,0.029032449238002356,0.023306764662265778,0.027225540950894363,0.029368340969085582,0.0239269137382509,0.022749213501811028,0.028664900921285263,0.036791995167732176,0.04004703421378503,0.012891132384538657,0.01571880280971527,0.029342325637117,0.042198707116767764,0.022391147911548615,0.022210839204490018,0.02250157296657562,0.037806864827871274,0.02690908219665289,0.03084165230393421,0.0323495846241712,0.03291400149464613,0.032300522550940625,0.02738091349601729,0.025577466934919357,0.027337316423654556,0.027871945872902867,0.02341403439640999,0.027072779834270484,0.027889220044016887,0.014784559607505805,0.01484263874590397,0.0431449479656294,0.037720359861850725,0.024172205477953068,0.01730361953377734,0.04989275545813143,0.029779134318232477,0.04164093732833847,0.07639743015170097,0.08162740431725968,0.08583078719675535,0.0855353213846684,0.06577269593253732,0.018096962943673026,0.019739175215363503,0.02033312246203428,0.017337709665298354,0.03155860397964716,0.019265897572040502,0.02742489799857134,0.028110147453844603,0.018783694133162505,0.030118908733129494,0.02882805233821273,0.043360683834180236,0.015622839331626837,0.0181540586054324,0.017590552568435718,0.022061649709940012,0.05805083783343429,0.0704571036039851,0.06413298717234289,0.01829503569751978,0.025792286731302738,0.022433462087065037,0.024334367364645004,0.02311695646494638,0.028422754374332837,0.049246600130572915,0.02422534860670561,0.01689441315829754,0.017116862582042813,0.01764976093545556,0.03442361578345298,0.016742227599024717,0.03649801015853878,0.024314576294273138,0.02074596658349026,0.02167612314224232,0.023802816867828376,0.02024264633655548,0.039213985903188586,0.04943271691445256,0.05272918938135268,0.0503396750427782,0.04523761291056876,0.030586183071136475,0.03253593295812611,0.024486713111400545,0.02322864998131996,0.02240611426532263,0.022152620367705766,0.02125405054539453,0.02070397976785915,0.033592239022255055,0.024604894220829107,0.01915676891803731,0.02082117646932602,0.022233769297599737,0.0212073996663094,0.025665409862995148,0.02202852815389622,0.023302040994167335,0.02303260192275042,0.022101608105003667,0.021981100784614793,0.031726190820336335,0.03872165083885204,0.01675860583782208,0.01973272301256651,0.023334387689828873,0.0106283873319626,0.019100182689726353,0.019138644449412878,0.019519173540175017,0.02156558819115167,0.01808734051883215,0.033808669075369835,0.03128580097109074,0.03283770941197873,0.030256655067205485,0.020891029387712416,0.0284289363771677,0.020528372377157267,0.024574182927608476,0.022317279130220538,0.02706891484558588,0.031290818005800254,0.03882749751210212,0.031756471842527396,0.026982985436916233,0.03567607328295719,0.032764796167612076,0.005934166023507714,0.02115279436111457,0.02017471194267262,0.028017977252602574,0.02042278926819563,0.027758244425058372,0.0270742923021317,0.03094517563295085,0.018398046493530273,0.04240983002819121,0.03629101533442741,0.014839470386505238,0.04296933952718973,0.02730139065533882,0.016637823544442654,0.04602419584989548,0.02849281579256059,0.02618459984660154,0.0077841777820140115,0.010287423618137836,0.03357177600264549,0.029502186924219076,0.046671588672325015,0.04519623471423995,0.02192896604537975,0.023057956248521812,0.03071809513494375,0.026837129145860616,0.017046630382537842,0.034518007189035416,0.03253430500626564,0.029460765421390533,0.027958713471889496,0.007999652065336704,0.02707072626799345,0.01065921364352107,0.023817546665668488,0.034696463495492935,0.038807312026619925,0.04062823206186306,0.07693293178454041,0.09389095194637775,0.0933220237493515,0.08847183175384987,0.08328022249042999,0.05465275701135397,0.054738638922572136,0.05477437004446983,0.05213670339435339,0.025647073984146118,0.040122598409652765,0.035127091221511364,0.03234759345650673,0.02523471787571907,0.028914500027894974,0.02560657262802124,0.02373657422140235,0.02612245874479413,0.028052918612956942,0.02001389116048813,0.028138581663370132,0.04029284697026009,0.03167681163176894,0.04496182594448328,0.029249253682791992,0.02301271865144372,0.020925350487232208,0.023721765726804733,0.018136855214834102,0.021516762673854828,0.018000877462327425,0.024607017636299258,0.027319986373186105,0.02543110027909268,0.02568549569696188,0.02341720112599438,0.021618739003315512,0.01921128248795856,0.018949693068862017,0.03263093158602724,0.022139955312013626,0.02172471582889557,0.0241877343505621,0.027895972132682856,0.01754534951760428,0.028817730955779497,0.023175291717052515,0.02424110844731331,0.045206278562545776,0.01772097684443003,0.02080561220645899,0.021939538419246667,0.02560438960790634,0.03852430731058132,0.03463619574904442,0.01715447753667826,0.02468337898608297,0.023421313613653072,0.026595000177621838,0.023304067552089636,0.018029663711786274,0.01750750932842493,0.01981393899768591,0.0365467295050621,0.034434602595865726,0.009761281311512097,0.010867781937122338,0.016846031881868784,0.01677168346941466,0.01667021028697485,0.021035373210906975,0.018529461696744024,0.01958035957068205,0.020505046471953392,0.020857827737927437,0.02094039507210249,0.01794317364692688,0.018802583217620735,0.02550596371293068,0.02679736167192464,0.02388504520058632,0.006684996187686913,0.009710567072033886,0.03994561469880864,0.040156893432140364,0.01734517700970184,0.016981054097414072,0.024187467992305756,0.04030237346887587,0.07046773470938206,0.07504008337855339,0.07908795587718487,0.0785851813852787,0.05908876331523061,0.024547488428652287,0.023498305119574073,0.02316251955926419,0.02444075234234333,0.03605894744396221,0.01579300872981543,0.022003629244864098,0.021446458995342144,0.026666211895644665,0.034233905375003815,0.02489449921995396,0.03709755861200392,0.016662035137415036,0.02240800485014921,0.05812845251057297,0.008410096168518066,0.028371604159474317,0.015799600165337324,0.028982150834053755,0.028797361999750137,0.03339925524778664,0.04759381455369294,0.02542494609951973,0.006486071273684495,0.011543622240424156,0.02057622093707323,0.03833703696727753,0.022181361913681027,0.03933970630168915,0.03117840434424579,0.02061105519533157,0.023717910051345895,0.027880080044269562,0.02155095338821411,0.031225767452269793,0.0374559226911515,0.037844902370125055,0.03373367339372635,0.02749873325228691,0.02083623036742205,0.03143196552991863,0.022648256272077626,0.021491440013051033,0.02077937219291931,0.020753900054842178,0.019055821001529694,0.018321231938898563,0.03413738310337072,0.028989911079406794,0.01926792040467263,0.02177090197801601,0.021924674510955866,0.02224313467741018,0.028425395488739062,0.021594278514385223,0.023222774267196662,0.018858779221773092,0.017699374817311764,0.01741824508644635,0.020662901923060424,0.025299765169620517
0.04055651277303691,0.023917198181152385,0.028504475951194763,0.0236451774835586,0.022575624287128504,0.0228034108877182,0.029155528172850664,0.026839090511202757,0.05053344182670111,0.056981674395501614,0.04029754093789964,0.044580694288015414,0.04720229655504221,0.0481330268085003,0.07383178733289236,0.07656294666230673,0.0790274497121572,0.08216731995344156,0.06772566586732859,0.024431087076663915,0.02622877433896064,0.029335953295230865,0.021696789190173094,0.02237236686050892,0.023680146783590428,0.026924869045615193,0.023275071755051557,0.04941710317507381,0.04566656891256565,0.049069895409047604,0.04492807667702442,0.023528464138507732,0.016936424624873436,0.02928839623928065,0.024637587368488367,0.02727359533309931,0.030495727434754316,0.040790598839521346,0.04692108556628223,0.03994020447134978,0.033928388729691505,0.04238453879952431,0.03553793579339981,0.006495123263448477,0.02369615435600292,0.022476971149444636,0.04846731387078762,0.02366566564887762,0.027904875576496076,0.02722114324569702,0.032483513467013836,0.022148571908474024,0.06440218770876532,0.05853615282103419,0.03586231917142875,0.05852875439450145,0.0387373398989439,0.01768661313690245,0.04490117728710176,0.028552152216434472,0.028097830712795195,0.012980794068425894,0.009014743380248545,0.057517857290804386,0.029502317309379467,0.06602699341601681,0.06608051972580142,0.04272552393376825,0.04508791491389263,0.05134692683350295,0.047137718647718437,0.03727453947067272,0.04435297846794122,0.04192267730832099,0.035637171939015444,0.02793122082948679,0.010870816651731674,0.021572086028754822,0.010189243592321819,0.024456359446048792,0.035313701257109635,0.04382988624274731,0.047705855220556204,0.06592174759134645,0.08222980424761767,0.08192085660994053,0.07746687345206732,0.07285321690142155,0.042305523529648836,0.04582163132727152,0.04766845516860485,0.04523048736155033,0.028183726593852102,0.038659378886222784,0.026564165949821528,0.023567110300064087,0.023422787897288855,0.02904725447297108,0.030176954343914923,0.028563551604747724,0.02684388216584921,0.029799048323184196,0.02849723026156431,0.04167341068387037,0.050549114122986794,0.06312190636526782,0.025503743439912796,0.062481889035552796,0.04715319909155369,0.04143387102521956,0.02525043487548828,0.025491278618574136,0.02398343570530409,0.0365192499011755,0.022888051345944405,0.025019448250532143,0.02844121679663659,0.02767953835427761,0.028904963750392088,0.026333750458434224,0.024361830437555965,0.02241041394881904,0.028188772499561195,0.03377983346581459,0.037682425230741556,0.024559102952480316,0.026614846661686904,0.026278987526893727,0.023759336443617995,0.029208237305283654,0.03192535787820816,0.024863887578248978,0.0433468371629715,0.024641370400786455,0.022765524685382843,0.025935094803571708,0.029310379177331924,0.03768649697303776,0.036255441606044825,0.029426738619804327,0.013544430490583237,0.026502259075641577,0.029677208513021476,0.026285521686077118,0.023105375468730982,0.022103986702859513,0.016183421015739496,0.03658629581332207,0.022784679720643852,0.006524089723825448,0.016552440822124426,0.04339830484241239,0.02553480886854237,0.022256836295127758,0.022700502537190803,0.02369739487767214,0.03698639199137683,0.028889537788927555,0.03264941927045595,0.03353335894644266,0.033284176141023636,0.031804546713829096,0.024454474449157604,0.024677664041519217,0.03182583302259445,0.03165489248931408,0.02680078893899917,0.03127570450305945,0.03719229903072119,0.012572286650538441,0.005927598103880884,0.02589176315814251,0.04083282500505446,0.026013204827904812,0.023217238485813314,0.03255016542971134,0.014260564930736965,0.039503246545791515,0.061082631349563654,0.0658000037074088,0.06949743255972862,0.06897175125777721,0.05017155874520546,0.024621246382593994,0.02601157873868942,0.026390930637717247,0.02449061907827843,0.03521156217902899,0.02534998580813408,0.03253997955471283,0.03146360907703638,0.02655554376542563,0.03530007228255272,0.03625213541090483,0.028631890891119782,0.024624831974506378,0.026057668030262,0.02654872089624405,0.024603087455034305,0.04107562173157919,0.053882601670920904,0.04763148864731187,0.011864687316119726,0.02897846419364225,0.010022654954809751,0.029037779197096825,0.02876176778227102,0.03390781488269573,0.032611430622637216,0.026901071891188677,0.011347376741468905,0.008911158191040103,0.022216645651496947,0.03759779036045074,0.02481445018202061,0.03843493014574052,0.03095743292942643,0.023369351401925146,0.024410948157310486,0.02787931263446819,0.023029409348964636,0.044836213579401374,0.05416112265083939,0.05588166414236179,0.05207478487864131,0.04571750294417154,0.02899036556482315,0.031260915100574604,0.02471934445202351,0.02392118889838457,0.02307186741381878,0.02289241785183549,0.02297087525948882,0.023459577932953946,0.03225238621234905,0.029069907963275958,0.02204952761530876,0.023320779204368702,0.024907700717449188,0.023805342614650768,0.029226291924715105,0.02478631585836394,0.0264372304081917,0.025645986199378967,0.026095419190823976,0.027285306015983224,0.03078210912644863,0.03770551458001148,0.02368773147463804,0.021647488698363304,0.02648253366351122,0.024235941469669328,0.020366008393466473,0.020380306988954544,0.021029835566878315,0.023451812565326746,0.01992968842387194,0.041719668544828836,0.041774434037506525,0.03988322243094444,0.03579491190612316,0.02412829175591468,0.01719353173393756,0.02368738129734993,0.025172196328639984,0.0263835638761521,0.03074158169329172,0.03568531572818757,0.04488738998770713,0.034080017358064645,0.032404761761426815,0.041381284594535835,0.03836250305175781,0.0038512749597430225,0.02408923953771598,0.023440144956111797,0.043471081182360656,0.02336291503161192,0.0309826284646988,0.030383594334125512,0.03376179467886681,0.022192582488060053,0.053865303518250585,0.05057934392243629,0.03050119429826742,0.05220165569335222,0.036809689365327414,0.02256816904991865,0.04923766106367111,0.031683612614870134,0.029614929109811727,0.014488090993836522,0.014249496161937714,0.04964239522814751,0.03280643001198769,0.05727450433187187,0.05701352667529147,0.03736307099461533,0.03763060271739958,0.043558805715292664,0.04279789328575129,0.0323258712887764,0.040598176419734955,0.037638656795024865,0.03507748991250992,0.031246833503246307,0.013674311339855194,0.019535664469003677,0.015055707190185785,0.026431851089000702,0.040131933987140656,0.04453610070049763,0.046486541628837696,0.06519563822075725,0.08158191852271555,0.08110899478197098,0.07698265649378289,0.07245142571628094,0.04422224499285221,0.04397403262555599,0.04378809034824371,0.04096765071153641,0.030274532735347755,0.04328174889087677,0.027106952853500843,0.024398925714194775,0.028981078416109085,0.03262975439429283,0.029106218367814962,0.026356559246778433,0.028901528101414387,0.03139990568160998,0.03481091558933258,0.04084071889519689,0.05267150513827795,0.021370911970734596,0.05589363258332014,0.041710858233272946,0.03844992117956281,0.022783441469073348,0.02669256553053851,0.021517781540751516,0.031026531010866165,0.02126823179423809,0.02767097949981695,0.029115602374076788,0.028477044776081928,0.028407781384885367,0.025854669045656975,0.02379413228482008,0.02174829662544636,0.028096320107579346,0.034336749464273446,0.03354497626423836,0.024568274617195074,0.02745627425611019,0.027697682380676242,0.021723120007663965,0.03231594618409872,0.02465732395648957,0.027421571314334925,0.047524154186248696,0.022533187642693516,0.024142116308212225,0.027893345803022385,0.03165692090988159,0.03621476143598562,0.03871198371052742,0.023232318460941315,0.012694603181444108,0.026679720729589462,0.02982758730649948,0.026901096105575506,0.019608078524470277,0.01841508038341999,0.012884060852229482,0.039449304342269904,0.022562619764357805,0.00853916257619846,0.017029520124197013,0.01840383093804121,0.019591206684708595,0.0214298572391271,0.03235391527414321,0.02563946880400186,0.028206580318510532,0.0283820740878582,0.027225097641348787,0.0257818717509507,0.018857866525650024,0.020534813404083137,0.02989068254828453,0.029843661934137282,0.02864750847220421,0.01482224836945533,0.0038306452333927155,0.025406982284039144,0.04399374127388003,0.02349084615707381,0.022889386862516466,0.012447338551282883,0.03955945372581482,0.05940256640315056,0.0640101321041584,0.0670935045927763,0.06627952866256237,0.0474510807543993,0.030285750515758995,0.02911718841642141,0.028631279245018966,0.02918917965143919,0.038723542355000966,0.024462936446070616,0.02921633422374731,0.02964149601757515,0.0323611618950963,0.03776691108942032,0.03377658408135176,0.02640645857900381,0.026021618396043715,0.02571240440011035,0.046721408143639565,0.011257974430918694,0.03216610103845596,0.006198289571329951,0.03265277249738574,0.03287270851433277,0.03672832250595093,0.0331856794655323,0.028694435954093933,0.013997728005051616,0.007262086495757103,0.025998564902693033,0.041359059512615204,0.027396209537982937,0.04274313151836395,0.03491202252916992,0.023951770737767164,0.02648173272609719,0.03101349994540209,0.024624295532703344,0.038907492998987436,0.045726600801572204,0.046186364721506834,0.042605531401932184,0.038353221490979195,0.024662982672452864,0.031365752220153795,0.02508058398962016,0.0240068100392819,0.02270208951085806,0.02259288541972626,0.020900078117847554,0.020850650966167394,0.035821586847305326,0.0321770161390304,0.022887092083692613,0.024577550590038355,0.02473145723342901,0.02500972896814352,0.031884592026472036,0.024466514587402344,0.026471972465515088,0.02435006573796278,0.023944475688040312,0.025518116424791515,0.024929700419306804,0.029196159914136044
0.04590142890810961,0.02846172451972971,0.03333032503724093,0.026937566697597393,0.02680235356092453,0.02663890272378927,0.03221897594630724,0.027940414845943447,0.05376666691154247,0.060057165101170595,0.04116228884959136,0.050098106265068096,0.05312632396817208,0.05434216558933258,0.07008440606296057,0.07241597771644592,0.07436182349920262,0.07702665217220783,0.06177802756428724,0.029057838022708782,0.030474070459604256,0.030065521597862244,0.02352601476013655,0.0241321856155991,0.025254040025174673,0.028062010183930394,0.02519061882048851,0.05039748596027488,0.04705933481454849,0.049696422182023525,0.04530422482639551,0.02481028810143482,0.012190366571303513,0.030218098312616345,0.025501765310764424,0.02839845046401019,0.033336710184812546,0.04541248083114623,0.05242035165429116,0.04422555118799215,0.038040073588490486,0.04748325422406197,0.040457382798194885,0.011926879175007343,0.027842342853546198,0.026243850588798523,0.0483273658901453,0.026587743312120382,0.029826346784830093,0.029614754021167644,0.03474286128766829,0.025803498923778645,0.06492014275863772,0.058435571845620926,0.03601152449846273,0.060966906137764565,0.040549248456954956,0.020669555058702826,0.04668225347995757,0.031414285302162163,0.032082896679639865,0.016569262836128473,0.012333933264017105,0.057251001708209404,0.03129751235246658,0.06739480678515969,0.06727712578140199,0.04250211827456957,0.04496901482343662,0.0516702559543773,0.047006528824567795,0.03755006194114696,0.04935066401958465,0.046565234661102343,0.040080623701214846,0.03157700225710869,0.014573211316019297,0.018334350548684653,0.013483850285410885,0.02803622931241989,0.04034756682813162,0.04929635487496853,0.05346795544028288,0.06106226472184051,0.07782099023461335,0.07802875153720384,0.07403282262384886,0.0696241445839405,0.0388996172696352,0.042567372322082575,0.04424114339053631,0.04161914065480232,0.031599644571542795,0.04096372425556183,0.03130260109901428,0.01992314681410784,0.020242032594978865,0.033298175781965304,0.033670822158455904,0.03271784260869021,0.029739913530647755,0.032328526023775395,0.030841436237096898,0.041460599750280464,0.050314037129282896,0.06338083173613984,0.021633095107972622,0.06449784617871052,0.0480522229336203,0.041661560768261496,0.02665255777537817,0.026548087596893248,0.02591327298432583,0.03690406866371632,0.025709476321935598,0.028188470751047072,0.02948149666190148,0.029049908742308613,0.030744695104658437,0.028667482081800755,0.027010025689378436,0.024972491897642557,0.030968321487307493,0.035404141992330614,0.0382851622998715,0.02892476320266718,0.029716385528445247,0.0278836190700531,0.02631030604243273,0.03245163895189751,0.032737255096435595,0.02795648947358132,0.04615037143230444,0.026416463777422905,0.026055097579956,0.02938440814614296,0.032917845994234085,0.039318174123764094,0.038929592818021774,0.030357457697391454,0.009373165201395695,0.03107796609401703,0.032702524214982986,0.027363069355487768,0.02448818832635896,0.023563667200505678,0.012835993431508708,0.03894001990556717,0.017293055600020923,0.011787071824073785,0.02201830595731736,0.044919998850673465,0.019070826005190666,0.023835368454456274,0.02439188864082087,0.025426207110285703,0.03765900060534478,0.030803554691374354,0.0344894938170911,0.03511964622884989,0.034568807110190336,0.03290695324540138,0.025909364223480058,0.025926182046532686,0.03675165027379989,0.03528382442891598,0.02996166795492166,0.03560110554099078,0.04025657754391432,0.016534050926566173,0.01216654106974602,0.02052870020270353,0.04360306262969969,0.027837777510285378,0.026218511164188503,0.026772966608405113,0.009264089167118017,0.04182775318622578,0.05795508995652204,0.06250564381480211,0.0658809281885624,0.06494743563234806,0.04588021431118256,0.029088329523801637,0.030127042904496196,0.030215229839086533,0.02720289118587954,0.03677004110068083,0.028161680325865742,0.03472035937011242,0.03340475726872677,0.029995759949088104,0.03772624395787716,0.038851741235703285,0.024146531010046657,0.028153583407401928,0.0290701761841774,0.029767621308565195,0.027787540107965407,0.03555903863161791,0.048446944914758205,0.04265614086762065,0.017540127970278374,0.03217142168432474,0.016280014009680654,0.030757165513932705,0.030858390964567887,0.03605243284255272,0.027508656959980615,0.03006859309971338,0.016089483164250906,0.015590312192216516,0.02516293118242169,0.03920317441225051,0.027797415852546692,0.04002689570188524,0.03334789955988526,0.026499729603528917,0.027841769158840124,0.030061852186918377,0.026453234255313943,0.046850192127749324,0.05537876451853663,0.05644635109638335,0.05219885194674134,0.04574898909777414,0.029866144061088562,0.032326333224773504,0.026049971580505378,0.02564686443656683,0.025180684402585026,0.025262377690523863,0.025254067499190735,0.025764033664018082,0.03418508172035231,0.03110985085368139,0.025216590613126644,0.027137681841850336,0.029051423072814886,0.02760546654462813,0.03279932215809822,0.0290538147091865,0.03083895146846776,0.027636609971523233,0.028419403359293882,0.029874530620873085,0.031792230904102374,0.03818421997129917,0.027416687458753586,0.027586510404944416,0.03145177289843559,0.02799446135759355,0.02537654247134924,0.025669991038739685,0.026645580306649208,0.029543809592723846,0.024090247228741535,0.04633928555995226,0.04619230702519411,0.04338018596172333,0.03847502730786806,0.03033709898591036,0.011974270455539227,0.028530053794384003,0.03220300376415253,0.03298778086900717,0.03672471828758722,0.041035730391740806,0.05100495368242263,0.03967635333538044,0.038177862763404624,0.04750414192676556,0.04456635192036629,0.010444844141602516,0.028837114572525024,0.027860455214977098,0.048425765708088875,0.02834200207144033,0.03642585501074791,0.03591083735227584,0.04037338029593229,0.026246421039104406,0.05776740540750325,0.05558104347437631,0.03363619744777682,0.05406003165990114,0.040924304164946024,0.02887738822028041,0.0578787326812744,0.03709395974874498,0.03489627316594123,0.020407993579283246,0.019934913143515587,0.05437898263335228,0.03841397166252143,0.059682621853426154,0.05934555758722132,0.039458569139242096,0.041455674916505876,0.04497003508731723,0.04759451746940607,0.0365644246339798,0.04629207029938708,0.04343533143401146,0.04105796664953232,0.03657961636781699,0.019423605874180794,0.014681815169751644,0.020633252803236246,0.03151591867208482,0.04624186828732502,0.05086636729538442,0.05279475450515759,0.05870368564501405,0.0759143028408289,0.07600135542452335,0.0725620500743388,0.06833184696733952,0.03973733726888895,0.03937440179288387,0.03826085291802883,0.03483105078339577,0.03613951057195664,0.051480621099472046,0.02241797186434269,0.019680106081068516,0.03421365469694132,0.03817461431026459,0.0343398042023182,0.0317518743686378,0.03473181137815118,0.03700764849781979,0.03746318817138672,0.04302361235022544,0.055865162983536665,0.014471069443970919,0.057990103494375944,0.04386739525943986,0.03995348932221521,0.0287928692996503,0.033200427889823865,0.025246579200029484,0.035945963114500046,0.025756138376891502,0.032775610685348566,0.03600333631038665,0.034900197759270724,0.034491800703108366,0.031524876132607516,0.029036725172772948,0.02658762939972792,0.031520616263151224,0.041538145393133205,0.038631509989500046,0.029307343065738747,0.03262162767350674,0.0349561572074891,0.025752374247531407,0.03813667502254248,0.02968716993927955,0.032507665455341395,0.056203022599220276,0.026229240000248007,0.028759829699993023,0.035982128232717514,0.040163226425647736,0.044117011129856276,0.046711608767509454,0.027913562953472137,0.008712324663065374,0.03160661086440092,0.035486169159412384,0.03375902026891703,0.02506190165877343,0.023554079234600067,0.008023058995604515,0.04700621217489243,0.014254201669245958,0.014736551791429513,0.025142744183540344,0.022958331741392557,0.023441698402166422,0.025167549028992597,0.03738756477832788,0.029964931309223227,0.03297130297869444,0.033333234488964136,0.03220933675765991,0.030749706551432554,0.0253232270479202,0.02621041424572462,0.03561314195394516,0.03518802672624588,0.03393489867448807,0.023115530610084527,0.012772660702466972,0.018592101521790024,0.0525801330804825,0.02735424600541575,0.026828628033399637,0.003709137439727783,0.04766578227281569,0.055019959807396046,0.05929318070411682,0.06169445067644119,0.06024235859513283,0.04054565355181694,0.03629692550748587,0.03514105919748545,0.034595629200339324,0.03522752225399017,0.045898305252194405,0.028237961232662204,0.0327947661280632,0.03335933946073044,0.03821256849914789,0.04533521831035615,0.03725581942126155,0.01908080338034779,0.029562003910541416,0.030573096126317985,0.039813301991671324,0.01835993304848671,0.03825369849801069,0.011747571406885982,0.03907552501186723,0.03909618966281414,0.043597157811746,0.026993147097527977,0.03403571620583534,0.021690068766474727,0.015546079725027086,0.03278896911069751,0.04910130426287651,0.03482567705214023,0.05089862644672394,0.041219996055588126,0.02868648432195181,0.03158235549926759,0.03641587123274803,0.029420003294944708,0.04278040071949363,0.05003658006899059,0.05065181339159602,0.04734693747013807,0.04321845062077051,0.030690986663103104,0.03891967236995701,0.03127001784741873,0.029923222959041595,0.02820693887770176,0.027762252837419565,0.025655644014477785,0.025114540942013264,0.04362376034259796,0.03761408850550646,0.02730762585997583,0.029481559991836603,0.029624931514263153,0.029958389699459187,0.03732838854193693,0.02933384478092199,0.03140486031770707,0.02800121530890464,0.02762472629547119,0.029226560145616476,0.02988476492464542,0.034062521532177925
0.04325327277183533,0.02789823710918425,0.032043930143117794,0.028380572795867857,0.02660330384969707,0.02820697426795965,0.033183205872774124,0.02958569675683964,0.05475808214396238,0.061055094935,0.042678066631196915,0.04727022722363471,0.049889009445905685,0.05084855481982231,0.07138011418282986,0.0741281863301993,0.07660343311727036,0.07973191142082203,0.06559181353077292,0.028432905673980713,0.029842488467693377,0.03211429715156555,0.025621298700571116,0.02544144820421934,0.026677193120121956,0.02980536781251436,0.026558458805084284,0.05205510323867202,0.04849286749958992,0.051645105704665184,0.047391795553267,0.027626723051071167,0.018180599901825245,0.03189782053232193,0.030078470706939753,0.030332200229167883,0.033273739740252495,0.04262171313166612,0.04891747236251837,0.041056007146835376,0.03461266867816448,0.043764304369688034,0.03676220029592514,0.008773567620664835,0.02752947062253952,0.02622839808464056,0.05165654048323631,0.027891881763935145,0.029403492808341987,0.02946930751204474,0.03514123160857702,0.027258038520813044,0.06808897014707332,0.06195731414482003,0.038273885846138,0.062343097757548094,0.04170728847384453,0.0185333916451782,0.04242749512195586,0.03072797134518617,0.03088828548789023,0.01320108445361251,0.011559533886611515,0.06098764482885599,0.031001418828964178,0.06973822112195188,0.06973355379886925,0.04468255303800108,0.04789572209119785,0.053987138788215816,0.05029446259140969,0.04014580696821224,0.04619526863098144,0.04323372617363929,0.03649037890136242,0.030552785843610868,0.011102691758424044,0.01845168229192501,0.012687585316598306,0.02789039164781576,0.03657927550375457,0.04543263651430607,0.04968477040529251,0.06424096832051868,0.07900579273700714,0.07851641997694969,0.07393993064761151,0.06938931532204151,0.04096844419836998,0.04244780726730829,0.04427195712924009,0.04209194332361216,0.029476443305611666,0.043156564235687256,0.030499659478664454,0.022320210933685247,0.020180063322186526,0.03185237944126135,0.03224125318229193,0.03127465024590482,0.030702818185090963,0.0330211934633553,0.030337411910295604,0.04383678734302524,0.053392922505736296,0.06672524369787414,0.024152445606887285,0.0660499911755324,0.04965137923136356,0.043494941899553,0.028176259249448776,0.02990078181028359,0.02732474915683264,0.03935757838189602,0.02683544158935558,0.028263356536626753,0.032613325864076614,0.031583728268742506,0.032641242723911834,0.030207769013941288,0.028701434086542688,0.026838052202947438,0.03211838938295841,0.03699415177106858,0.04073221608996397,0.028355218470096588,0.03037349693477154,0.03212049603462219,0.027462169178761597,0.031822517514228654,0.03467718139290809,0.028153732419013977,0.04682788252830511,0.027763027697801645,0.026437997817993164,0.02232657745480532,0.026869196444749832,0.0414102748036384,0.03203197196125984,0.032345235347747706,0.015889031812548693,0.03031272813677794,0.03296363539993763,0.029778994619846344,0.025852968916297125,0.024902077391743715,0.013258101418614443,0.039285879582166616,0.025586761126760393,0.0068903267383575925,0.01785482093691826,0.046301168855279656,0.02715059253387153,0.025222674012184143,0.025820110924541895,0.026854809373617117,0.04015912860631944,0.03138246759772301,0.03489450737833988,0.03551190719008446,0.035346776247024536,0.03387847729027277,0.02777171134948725,0.02744847163558012,0.03503533825278288,0.033128770068287905,0.029511209577322055,0.03364038839936258,0.04123551119118929,0.010632820427417693,0.009127184748649599,0.02786673977971077,0.03515751659870146,0.028933299705386162,0.0274174213409425,0.03385703591629863,0.017499461770057623,0.04260122030973423,0.057595411315560396,0.0622095819562673,0.065890247002244,0.06563514284789561,0.048662049695849474,0.02623174712061893,0.02662710100412363,0.026895737275481224,0.025594756007194408,0.03396633826196193,0.029317347332835197,0.035980395972728674,0.03467497322708368,0.028607651591300968,0.032620213925838526,0.04003081470727915,0.028708718135021627,0.029477715492248424,0.030323069542646408,0.030920784920454074,0.028377685695886612,0.041405040770769064,0.053133625071495716,0.04729224252514547,0.014772840775549412,0.03120159823447466,0.013483469025231953,0.029700623825192562,0.028972211293876227,0.03282642457634216,0.03346942178904999,0.03026208840310584,0.011473302729427814,0.012734200106933768,0.02159063110593712,0.03637360408902167,0.0230197375640272,0.03740011155605316,0.030782790388912018,0.02757159806787968,0.027737267315387615,0.02960436046123499,0.02646853774786001,0.04819238069467241,0.05731634295079857,0.0588841950375355,0.05494994996115565,0.048530885018408354,0.03198457509279251,0.03591842204332363,0.02912420220673079,0.028215421363711413,0.027389991097152178,0.027547092642635107,0.026479341089725494,0.02699836250394594,0.03748892247676855,0.03057562187314055,0.026270359754562378,0.026963450014591217,0.028510600328445435,0.027393631637096502,0.03156699612736702,0.0285098254680633,0.030087325721979204,0.029059814289212227,0.029651753604411968,0.031086504925042446,0.033230625092983246,0.040346560999751147,0.0287461020052433,0.02852449566125864,0.03083651885390276,0.028140120208263397,0.02624603360891342,0.026304424740374144,0.027212517336010933,0.030230272561311715,0.02531378529965872,0.04614799842238426,0.04592210147529835,0.04351148195564747,0.03811803087592114,0.03062892332673072,0.016439924482256174,0.029404133558273315,0.03200776129961015,0.033388428390026155,0.03568843938410282,0.038997583091259,0.04830290749669074,0.03804427385330189,0.036764945834874996,0.04529334232211124,0.04260668903589249,0.008305158698931336,0.028387114405632075,0.02770098298788065,0.048904923722147886,0.028586620464920998,0.035928856581449564,0.035421732813119826,0.038629372371360715,0.02771966159343718,0.05826404248364275,0.05620945710688835,0.034259319305419964,0.054618194699287415,0.04071005806326872,0.02685332507826388,0.05226372182369232,0.036544661968946464,0.033970884978771154,0.01920296368189156,0.0188574381172657,0.05504009872674942,0.03776195272803307,0.05924449930898845,0.05910459905862819,0.040558278560638344,0.041995570063591,0.045965127181261806,0.047951061278581564,0.03666585683822632,0.043968047946691506,0.041525788605213165,0.0394604429602623,0.03590387478470808,0.01835832744836796,0.01740662381052971,0.019589772913604975,0.03112020343542099,0.044250860810279846,0.048427900299429893,0.049870278686285185,0.06216955278068781,0.07815527357161044,0.07779570482671261,0.07381600141525257,0.06938726268708706,0.04171260725706816,0.0414363918825984,0.03926531411707401,0.036254565231502056,0.03468204475939263,0.04837003350257879,0.024996819905936718,0.022359665483236313,0.03303535655140882,0.03728741034865379,0.03336698189377791,0.031552425120025984,0.03389013791456824,0.03643618896603584,0.038314998149871826,0.043975904583931,0.05652360431849951,0.017162895761430264,0.0585984513163566,0.04501138394698495,0.04126024106517437,0.029292862862348612,0.03286750242114068,0.026294140145182665,0.03602556511759752,0.02634085807949299,0.03244945406913757,0.03507041558623313,0.034302061423659214,0.03393054846674204,0.031217345036566313,0.029252846026793122,0.027112685784231816,0.032359017059207074,0.03946222737431525,0.03863066434860236,0.0286761447787285,0.03251159004867077,0.034395456314087025,0.02611440532200504,0.0374301178380847,0.030578844249248505,0.032239668071270045,0.05164717137813568,0.026499092578888,0.028679080307483507,0.030497398227453232,0.03371237963438034,0.04136995971202849,0.041439596563577645,0.027960769832134247,0.01249535323586315,0.03077526018023486,0.034965334460139275,0.033778116106986944,0.025964671745896287,0.024496149271726553,0.01028124988079071,0.04397041350603099,0.02153498400002718,0.007537148892879479,0.018513433635234833,0.024096548557281494,0.024162406101822853,0.025398368015885298,0.03721410036087037,0.029365982860326875,0.03181149996817112,0.03213772922754288,0.03124798089265823,0.030158804729580824,0.02645647525787348,0.027201121672987875,0.034247886389493935,0.03469226509332651,0.032463952898979194,0.017534837126731866,0.009111033752560619,0.025540503207594153,0.04618632793426515,0.027342356741428205,0.02768456563353555,0.010725675150752071,0.04383987933397293,0.05581850185990333,0.06017768755555153,0.06302296929061413,0.06202024966478348,0.04358557239174843,0.03479536343365908,0.03375732060521841,0.03339779190719128,0.03365861438214779,0.04306839406490326,0.028903760015964508,0.03308290429413335,0.0336235444992779,0.036698504351079464,0.041424352675676346,0.037817183416336775,0.023352319170953706,0.03059899434447287,0.030541598796844593,0.044363618129864335,0.016158591955900192,0.03703327104449272,0.009440670255571604,0.03720940975472342,0.03742114081978798,0.04096305632265285,0.03300459776073694,0.03366614878177637,0.017207650467753414,0.012497784569859503,0.02975541725754738,0.04529296234250069,0.030994569882750508,0.046102941036224365,0.038953694282099605,0.028911935165524538,0.03121022880077369,0.03585395961999893,0.029169648885726873,0.043055261950939894,0.05018326709978288,0.050891326274722815,0.04783800709992647,0.043647680431604385,0.031485032290220205,0.03747783601284027,0.031362704932689674,0.029892016202211383,0.028364121913909912,0.028325736522674616,0.026502893306315,0.026277298107743208,0.04174046218395233,0.03695135563611984,0.02761666104197503,0.029092140495777186,0.0290653258562088,0.029579959809780176,0.036602690815925654,0.028693892061710302,0.030658956617116928,0.028345877304673195,0.027981642633676473,0.02974874305073172,0.029526192694902417,0.03422608785331255
